33.06	33.84	[2] tany
33.86	34.06	[2] good
34.08	40.22	[2] here
40.28	42.08	[3] ok
42.16	42.48	[2] hello
42.52	42.74	[3] every
42.76	44.8	[2] one
44.86	45.7	[3] um
45.74	46.14	[2] how
46.62	46.68	[2] re
46.7	46.8	[2] we
46.84	48.24	[2] doing
48.28	48.46	[1] ye
48.5	49.14	[1] good
49.36	49.44	[4] ih
49.88	50.08	[4] first
50.22	50.36	[2] be
50.4	50.82	[2] going
51.34	51.7	[0] over
51.78	51.92	[4] the
52.94	53.28	[2] minutes
53.3	53.42	[2] of
53.48	53.56	[4] the
53.64	54.34	[2] last
54.58	54.94	[2] meeting
54.96	55.1	[2] more
55.14	55.2	[2] or
55.22	56.1	[2] less
56.34	56.4	[4] um
57.08	57.14	[4] in
57.32	57.62	[2] last
57.74	58.28	[2] meeting
58.42	58.48	[4] ah
59.1	59.18	[4] the
59.3	60.26	[2] marketing
60.44	61.06	[2] manager
61.18	61.4	[2] had
61.6	62.76	[2] presented
62.82	64.22	[2] ar
64.36	65.38	[2] her
65.44	65.8	[2] method
65.84	65.9	[2] of
66.02	66.4	[2] working
66.62	66.92	[2] meaning
67.04	67.42	[2] gathering
67.82	69.78	[2] suggestions
69.94	70.08	[3] from
70.18	70.42	[4] every
70.46	70.8	[2] one
71.02	71.1	[4] to
71.2	71.64	[2] see
71.78	71.92	[4] how
72.42	72.6	[2] she
72.66	72.96	[2] best
73.0	73.2	[2] could
73.26	73.86	[2] market
74.2	74.68	[2] this
74.98	75.12	[4] this
75.3	75.98	[2] product
76.14	76.26	[4] at
76.44	76.52	[3] the
76.8	77.1	[2] within
77.12	77.2	[2] the
77.28	77.92	[2] budcet
78.02	78.12	[4] that
78.34	78.48	[4] was
78.64	81.38	[2] given
81.46	81.94	[3] ah
82.76	82.9	[0] in
83.06	84.12	[4] general
84.82	84.9	[2] the
85.0	85.26	[4] idea
85.34	85.4	[2] is
85.54	85.64	[4] that
85.72	85.78	[4] it
85.84	86.0	[4] swould
86.04	86.1	[2] be
86.16	86.42	[2] something
86.46	86.62	[2] that
86.66	86.78	[2] is
86.88	87.04	[4] not
87.14	87.54	[2] difficult
87.56	87.62	[2] to
87.72	89.7	[2] use
89.84	90.5	[3] um
91.16	91.32	[5] it's
91.48	91.74	[4] also
91.78	91.84	[2] an
91.94	92.24	[2] item
92.36	92.46	[4] that
92.66	92.96	[2] people
93.08	93.32	[4] lose
93.36	93.4	[2] a
93.46	94.58	[2] lot
94.74	94.9	[4] so
95.96	96.04	[4] we
96.18	96.34	[4] should
96.4	96.7	[2] address
96.86	98.1	[2] that
98.18	98.26	[4] and
98.36	98.42	[4] of
98.5	98.66	[4] course
98.8	98.88	[4] it
99.0	99.24	[2] should
99.36	99.88	[2] be
100.38	102.44	[2] something
102.56	102.7	[3] that
102.74	102.82	[2] is
102.92	103.1	[4] very
103.16	103.42	[2] simple
103.48	103.54	[3] to
103.66	105.2	[2] use
105.48	105.54	[3] in
105.64	105.94	[3] addition
106.02	106.08	[2] to
106.16	106.3	[3] that
106.44	106.5	[4] to
106.6	106.74	[3] make
106.78	106.84	[2] it
107.66	107.96	[2] sell
108.0	108.08	[2] of
108.16	108.46	[2] course
109.34	109.42	[4] tha
109.56	109.96	[2] marketing
110.0	110.64	[2] manager
111.04	111.62	[2] wises
111.72	111.84	[4] that
111.92	111.98	[4] it
112.16	112.22	[4] be
112.32	112.52	[4] very
112.6	113.18	[2] attractive
113.4	113.46	[4] or
113.62	113.78	[4] like
113.88	113.98	[3] she
114.08	114.24	[4] says
114.42	114.58	[4] put
114.64	114.78	[2] some
114.88	115.22	[2] sizzle
115.24	115.48	[2] into
115.52	115.6	[4] it
115.7	115.76	[4] in
115.88	115.96	[4] one
116.04	116.14	[4] way
116.22	116.28	[2] or
116.34	117.68	[2] another
117.8	117.9	[4] so
117.98	118.08	[4] that
118.18	118.26	[4] the
118.54	118.8	[2] people
118.82	118.92	[2] are
119.0	119.26	[2] buying
119.34	119.4	[4] it
119.68	120.66	[2] now
120.7	121.26	[2] because
121.5	121.56	[3] in
121.66	122.18	[2] particularly
122.32	122.64	[2] smaller
122.74	123.06	[2] items
123.22	123.46	[5] that's
123.64	123.68	[2] a
123.76	124.04	[2] very
124.14	124.62	[2] important
124.72	125.66	[2] fact
125.74	126.02	[2] cause
126.06	126.22	[2] sir
126.72	126.8	[4] if
126.86	126.96	[4] they
127.04	127.18	[4] say
127.28	127.68	[2] well
127.72	127.86	[2] i
127.88	127.94	[4] go
128.04	128.16	[4] home
128.22	128.3	[4] and
128.38	128.54	[2] think
128.58	128.76	[2] about
128.84	128.9	[3] it
129.22	129.26	[4] t
129.26	129.32	[2] at
129.38	129.62	[2] won't
129.66	130.72	[2] work
130.86	131.2	[4] um
132.16	132.48	[2] also
132.82	133.18	[2] mentioned
133.22	133.4	[2] whase
133.48	133.54	[4] it
133.66	133.86	[4] should
133.96	134.54	[4] be
135.34	135.4	[2] it
135.44	135.58	[2] should
135.68	135.78	[4] have
135.84	135.88	[4] a
135.94	136.12	[4] very
136.18	136.42	[2] short
136.44	136.74	[2] learning
136.86	138.62	[2] curve
138.78	139.38	[3] and
140.14	140.44	[2] maybe
140.56	140.62	[2] ht
140.7	140.86	[3] could
140.94	141.0	[4] be
141.14	141.74	[4] sold
141.92	141.98	[2] by
142.12	142.36	[3] using
142.44	142.48	[2] a
142.58	145.32	[2] slogan
145.5	146.14	[3] our
146.48	147.14	[2] technical
147.26	147.94	[2] manater
148.02	148.88	[2] has
149.0	149.28	[2] then
149.34	149.46	[2] said
149.62	149.72	[4] that
150.04	150.14	[4] she
150.26	150.46	[4] feels
150.5	150.56	[2] he
150.6	150.78	[2] should
150.8	150.92	[2] have
150.96	151.0	[2] a
151.1	152.98	[2] chip
153.04	153.42	[3] that
153.58	153.86	[2] has
153.96	155.22	[4] infrared
155.32	156.34	[2] bits
156.44	156.52	[2] and
156.62	156.68	[3] it
156.76	156.88	[3] has
156.92	156.98	[2] an
157.08	157.66	[2] interface
157.74	158.52	[2] controls
158.68	158.74	[3] we
158.92	159.36	[2] interface
159.36	159.5	[2] that
159.56	159.92	[2] controls
160.02	160.06	[2] e
160.16	161.36	[2] chip
161.42	161.8	[2] therefore
161.86	163.14	[2] messages
163.34	163.4	[4] ar
163.58	163.76	[2] will
163.8	163.88	[2] be
164.0	164.5	[2] controlled
164.7	164.76	[3] in
164.82	164.92	[2] the
164.96	165.18	[2] same
165.22	166.22	[2] manner
166.3	166.42	[3] there
166.48	166.64	[4] should
166.68	166.74	[2] be
166.9	167.24	[2] extra
167.32	167.74	[2] features
167.86	168.12	[2] like
168.18	168.42	[2] lid
168.5	169.18	[2] buttons
169.38	169.64	[2] maybe
169.72	169.76	[2] a
169.94	170.42	[2] beep
170.56	170.62	[3] if
170.78	170.94	[2] too
170.98	171.18	[2] many
171.22	171.66	[2] buttons
171.7	171.86	[2] are
172.16	173.94	[2] pressed
174.0	174.78	[3] mmma
174.98	176.64	[2] childlock
176.7	178.32	[2] um
178.42	178.9	[3] and
179.14	179.18	[2] e
179.98	180.2	[4] maybe
180.24	180.28	[2] a
180.36	180.88	[2] display
181.12	181.64	[2] clock
181.74	181.88	[2] so
181.94	182.06	[4] that
182.22	182.62	[4] people
182.68	182.98	[2] could
183.04	184.76	[2] durm
184.84	184.92	[2] you
184.98	185.12	[3] could
185.16	185.3	[3] see
185.34	185.42	[2] the
185.5	185.72	[2] time
185.8	185.88	[4] you
185.92	186.04	[4] know
186.24	186.44	[4] what
186.5	186.86	[2] chilthey
186.88	187.02	[2] want
187.04	187.14	[2] to
187.18	188.12	[2] watch
188.26	188.54	[2] also
188.58	188.92	[2] mentioned
189.04	189.32	[4] was
189.6	189.64	[2] e
190.1	190.24	[2] may
190.24	190.36	[2] be
190.44	190.76	[2] different
190.82	193.3	[2] shapes
193.44	193.56	[3] so
193.66	193.74	[4] the
193.84	194.32	[4] components
194.36	194.42	[2] of
194.5	194.58	[4] the
194.66	194.84	[4] thing
194.9	195.06	[4] should
195.14	195.2	[4] be
195.44	195.92	[2] buttone
196.04	196.68	[2] bulps
196.86	197.22	[2] interd
197.24	197.32	[2] the
197.5	197.96	[2] infrared
198.04	198.4	[2] bulbs
198.46	199.0	[2] battery
199.14	199.88	[2] chips
200.08	201.04	[2] wires
201.2	201.4	[3] and
201.62	202.04	[2] maybe
202.44	202.6	[2] some
202.62	202.78	[2] kind
202.8	202.86	[2] of
202.94	202.98	[2] a
203.04	204.5	[2] holder
204.72	204.78	[4] ah
205.08	205.3	[2] for
205.36	206.08	[2] there
206.16	206.36	[2] for
206.38	206.64	[2] the
206.7	207.96	[2] er
208.08	210.14	[2] item
210.28	210.96	[3] pranchino
210.98	211.12	[2] who
211.16	211.38	[2] is
211.52	212.74	[2] our
212.78	212.9	[2] um
213.74	214.24	[5] interfaced
214.42	215.06	[2] interface
215.1	216.3	[2] designer
216.38	217.76	[2] um
217.84	217.88	[4] a
219.22	219.34	[4] has
219.6	220.04	[2] mentioned
220.08	220.68	[2] that
221.0	221.6	[2] the
221.88	222.0	[4] there
222.12	222.2	[2] of
222.24	222.4	[2] course
222.44	222.6	[2] should
222.62	222.72	[2] have
222.74	222.8	[2] an
222.84	223.06	[2] hon
223.08	223.24	[2] of
223.3	224.38	[2] button
224.44	224.54	[4] and
224.74	224.98	[2] also
225.06	225.14	[4] has
225.26	225.6	[2] mentioned
225.64	225.7	[2] an
225.8	226.24	[2] interesting
226.3	226.6	[2] feature
226.62	226.72	[4] that
226.82	226.88	[2] it
226.94	227.1	[2] should
227.18	227.28	[4] have
227.38	227.66	[2] maybe
227.74	227.78	[2] a
227.9	228.2	[2] channel
228.24	229.92	[2] lock
230.08	230.62	[3] particularly
230.66	230.84	[2] this
230.88	231.02	[2] may
231.04	231.1	[2] be
231.2	231.42	[2] small
231.48	231.78	[2] children
231.86	231.96	[4] that
232.04	232.14	[4] they
232.24	232.6	[2] couldn't
232.66	232.8	[4] ere
232.92	233.14	[4] watch
233.24	233.28	[2] a
233.42	233.74	[2] channel
233.76	233.86	[4] that
233.96	234.04	[2] is
234.12	235.48	[2] undesirable
235.58	235.64	[3] it
235.7	235.86	[2] should
235.94	236.02	[4] be
236.14	236.66	[2] compact
236.8	236.88	[4] her
237.06	237.9	[2] personal
238.08	238.44	[2] favourite
238.5	238.74	[2] was
238.76	238.84	[1] it
238.9	239.04	[1] should
239.12	239.18	[4] be
239.42	239.62	[2] tea
239.66	240.82	[2] shaped
240.92	241.0	[3] and
241.12	241.38	[2] maybe
241.4	242.06	[2] havin
242.12	242.48	[2] alarm
242.56	243.26	[2] clock
243.34	243.5	[4] and
243.58	243.62	[2] t
243.74	244.42	[2] material
244.54	244.72	[4] should
245.1	245.5	[2] possibly
245.6	245.68	[4] be
246.14	246.22	[4] of
246.38	247.24	[2] nonallergic
247.36	250.26	[2] nature
250.32	251.06	[3] ah
251.44	251.52	[4] the
251.6	251.94	[3] different
252.02	252.72	[2] systems
253.18	253.28	[2] that
253.5	254.04	[4] exist
254.2	254.5	[2] are
254.84	255.72	[4] infrared
255.76	255.86	[2] or
255.96	256.26	[2] radio
256.3	257.94	[2] waves
258.72	259.06	[3] maybe
259.28	259.44	[2] should
259.62	261.54	[2] havee
261.6	262.52	[2] electricity
262.58	263.26	[2] electricity
263.32	264.06	[2] saving
264.32	265.7	[2] feature
265.88	266.22	[2] and
266.94	267.24	[4] even
267.38	267.8	[2] possibly
267.9	267.94	[2] a
268.08	268.94	[2] timer
269.0	269.2	[4] too
269.32	269.46	[2] so
269.5	269.6	[2] that
269.74	270.02	[2] people
270.1	270.34	[2] can
270.42	271.44	[2] prograam
271.68	271.86	[2] their
271.94	272.48	[2] favorite
272.52	273.82	[2] uh
273.86	273.9	[2] e
274.9	275.56	[2] programe
275.62	276.0	[2] on
276.06	276.28	[2] right
276.3	276.42	[2] from
276.5	276.58	[4] the
276.64	279.08	[2] remote
279.16	279.3	[4] ah
280.32	280.4	[3] are
280.48	280.58	[4] we
280.64	280.78	[3] all
280.8	280.86	[4] in
280.96	281.34	[2] agreement
281.38	281.48	[2] that
281.6	281.84	[2] that's
282.1	282.32	[2] bad
282.34	282.46	[2] what
282.56	282.62	[4] we
282.72	283.14	[2] discussed
283.26	283.48	[2] last
283.52	284.24	[2] time
284.52	285.02	[0] omeri
285.04	285.26	[0] got
285.3	285.5	[0] pretty
285.52	285.66	[0] much
285.7	285.8	[0] as
285.84	285.98	[0] a
286.02	287.04	[0] young
287.1	287.4	[2] oky
287.42	287.68	[2] then
287.72	287.86	[2] we
288.46	288.6	[4] am
288.68	288.96	[2] looking
289.08	289.2	[4] for
289.32	289.54	[2] three
289.62	290.88	[2] presentations
291.06	291.2	[4] and
292.3	292.34	[2] i
292.36	292.54	[2] don't
292.54	292.64	[2] know
292.68	292.9	[2] whether
292.92	293.0	[2] the
293.2	293.48	[2] order
293.52	293.82	[2] matters
293.94	294.38	[2] much
294.44	294.88	[4] sure
295.04	295.08	[2] i
295.2	295.34	[2] don't
295.9	295.94	[2] i
296.04	296.22	[2] don't
296.26	296.48	[2] think
296.54	296.82	[2] so
296.96	297.2	[2] so
297.22	297.78	[2] whoever
297.86	298.02	[2] one
298.02	298.2	[2] shan
298.22	300.08	[2] stapye
300.1	305.42	[2] kin
305.46	305.56	[5] i
305.62	306.0	[3] may
306.04	306.26	[5] slook
306.3	306.44	[5] at
306.5	306.7	[2] you
306.78	314.04	[2] sightso
314.3	314.86	[3] common
314.96	315.18	[2] close
315.22	321.48	[2] already
321.52	321.68	[3] an
321.7	321.92	[2] that's
321.98	322.8	[2] nuwor
322.9	323.76	[2] twoi
323.82	324.52	[2] three
324.56	325.74	[2] three
325.78	327.94	[5] participantry
328.0	337.36	[3] yes
337.8	337.92	[5] as
338.0	338.06	[3] an
338.16	338.76	[2] interfaced
338.84	339.38	[3] designer
339.52	339.56	[4] i
339.66	339.84	[4] would
339.9	340.02	[5] give
340.16	340.38	[5] more
340.5	341.04	[5] emphasis
341.12	341.18	[4] on
341.24	341.32	[5] the
341.42	341.9	[5] interface
342.04	342.18	[3] how
342.26	342.34	[4] the
342.4	342.82	[5] remote
342.9	343.18	[4] looks
343.3	343.88	[4] like
344.0	344.1	[5] so
344.16	344.26	[5] that
344.36	344.42	[5] it
344.5	344.56	[3] is
344.64	345.08	[4] syllable
345.16	345.22	[4] it
345.28	345.34	[4] is
345.5	346.06	[5] attractive
346.14	346.2	[4] to
346.32	348.98	[4] customers
349.18	351.64	[5] nextplie
351.7	351.82	[3] now
351.88	351.96	[5] the
352.04	352.38	[3] function
352.4	352.46	[5] of
352.54	352.6	[4] ho
352.68	353.0	[3] remote
353.02	353.14	[5] is
353.2	353.26	[4] to
353.4	353.6	[5] send
353.8	354.38	[4] messages
354.42	354.56	[5] to
354.58	354.78	[5] the
355.16	356.64	[5] television
356.98	357.16	[5] these
357.26	357.78	[5] messages
357.9	358.06	[5] could
358.16	358.26	[4] be
358.64	358.68	[5] a
358.9	359.26	[5] switch
359.34	359.52	[5] on
359.56	359.84	[5] off
360.1	360.7	[5] message
360.88	360.98	[4] or
361.16	361.48	[5] switched
361.54	361.64	[4] to
361.78	362.08	[5] next
362.22	362.58	[5] channel
362.64	363.24	[5] message
363.36	363.42	[3] or
363.68	364.04	[5] swapping
364.2	364.28	[4] the
364.46	365.08	[5] channels
365.28	365.34	[3] or
365.46	365.78	[5] switching
365.88	366.0	[5] on
366.04	366.14	[5] to
366.24	366.28	[5] a
366.38	366.94	[5] particular
367.06	367.6	[5] channel
367.78	367.88	[4] like
367.98	368.06	[4] you
368.12	368.2	[4] can
368.36	368.5	[4] have
368.62	368.7	[3] the
368.78	369.12	[5] numbers
369.26	369.44	[5] one
369.48	369.64	[5] two
369.76	370.02	[5] three
370.1	370.34	[4] four
370.46	370.58	[5] up
370.62	370.76	[5] to
370.88	373.26	[5] nine
373.42	373.66	[3] nine
373.68	373.9	[2] what
373.94	374.14	[2] nine
374.2	374.66	[2] channel
374.7	375.74	[2] er
375.82	377.24	[2] switches
377.28	377.52	[5] but
377.54	377.94	[5] me
378.0	378.22	[2] nine
378.26	378.6	[2] channel
378.62	379.08	[2] switches
379.2	379.58	[5] yes
379.6	379.9	[5] yon
380.02	380.28	[5] nine
380.36	380.9	[5] numbers
380.98	382.8	[2] mhm
382.92	383.0	[3] and
383.06	383.16	[3] then
383.24	383.4	[4] you
383.42	383.52	[5] have
383.7	384.22	[5] swapping
384.4	384.44	[5] a
384.96	385.0	[5] a
385.1	386.06	[5] button
386.2	386.34	[4] by
386.4	386.9	[5] reducing
386.94	387.06	[5] which
387.12	387.2	[4] you
387.26	387.34	[4] can
387.52	387.76	[4] swap
387.86	387.94	[4] the
388.04	388.38	[5] channels
388.42	388.48	[5] if
388.52	388.6	[5] you
388.64	388.8	[5] don't
388.86	389.0	[4] want
389.06	389.12	[3] to
389.18	389.34	[4] see
389.4	389.48	[4] the
389.62	389.86	[5] third
389.92	390.24	[5] channel
390.3	390.38	[4] you
390.44	390.52	[4] can
390.62	390.86	[5] swap
390.9	390.96	[3] it
391.02	391.08	[4] to
391.14	391.22	[5] the
391.3	391.56	[5] fourth
391.64	392.02	[5] channel
392.06	392.16	[5] or
392.26	392.62	[5] weisey
392.66	395.68	[5] versa
395.8	395.9	[3] then
396.0	396.08	[4] it
396.16	396.32	[4] should
396.48	396.66	[5] have
396.84	396.9	[4] a
397.04	397.32	[4] next
397.5	397.86	[5] button
398.14	398.18	[5] e
398.32	399.02	[5] next
399.1	399.46	[5] button
399.56	400.02	[5] channel
400.14	400.22	[4] by
400.28	400.4	[4] which
400.48	400.56	[4] you
400.64	401.04	[5] can
401.2	401.4	[5] keep
401.44	401.86	[5] on
401.9	403.88	[5] a
404.06	404.42	[4] scrolling
404.52	404.6	[4] the
404.7	405.08	[5] channels
405.26	405.42	[4] one
405.44	405.54	[5] by
405.7	406.76	[5] one
406.96	407.22	[5] next
407.26	407.5	[5] late
407.52	410.26	[5] please
410.4	410.5	[2] then
410.6	410.68	[3] you
410.74	410.9	[4] should
411.0	411.1	[4] have
411.18	411.22	[5] a
411.32	411.74	[4] button
411.76	411.94	[5] which
411.98	412.14	[5] should
412.26	412.48	[1] which
412.56	412.78	[5] care
412.8	412.92	[5] which
413.02	413.1	[4] can
413.22	413.28	[4] be
413.42	413.6	[4] used
413.72	413.8	[4] for
413.96	414.46	[5] increasing
414.54	414.62	[4] or
414.72	415.18	[5] decreasing
415.26	415.34	[4] the
415.46	416.1	[5] volume
416.26	417.96	[2] hu
418.1	418.2	[3] then
418.56	418.68	[4] there
418.76	418.92	[4] should
419.0	419.06	[5] be
419.22	419.26	[3] a
419.36	419.68	[5] button
419.78	419.9	[4] which
420.02	420.1	[4] can
420.28	420.46	[4] give
420.56	421.28	[5] subtitles
421.4	421.48	[3] for
421.56	421.6	[5] a
421.64	422.12	[5] particular
422.24	422.66	[5] program
422.68	422.8	[5] which
422.86	422.92	[4] is
423.02	423.22	[4] going
423.28	423.34	[4] on
423.46	423.52	[3] at
423.6	424.34	[5] television
424.52	424.62	[3] for
424.7	425.06	[5] example
425.18	425.24	[4] if
425.32	425.4	[5] you
425.42	425.54	[5] are
425.58	425.86	[5] watching
425.92	425.96	[5] a
426.1	426.4	[5] french
426.48	426.94	[5] program
427.0	427.08	[4] and
427.16	427.26	[5] you
427.3	427.48	[5] would
427.52	427.62	[3] like
427.74	427.8	[4] to
427.94	428.04	[5] have
428.5	428.54	[5] a
428.62	429.36	[5] subtitles
429.52	429.58	[4] in
429.76	430.56	[5] english
430.74	430.84	[3] then
430.94	431.06	[4] there
431.12	431.28	[4] should
431.34	431.4	[4] be
431.52	431.56	[5] a
431.68	432.04	[5] channel
432.06	432.18	[5] which
432.36	432.8	[5] can
433.12	433.44	[5] trigger
433.54	433.68	[4] this
433.86	434.48	[5] mechanism
434.52	434.62	[5] in
434.64	434.72	[5] the
434.78	435.32	[5] television
435.38	435.44	[3] so
435.52	435.64	[5] that
435.7	435.78	[4] the
435.86	436.14	[5] user
436.16	436.3	[5] can
436.36	437.0	[5] see
437.56	437.64	[3] the
437.76	437.9	[4] air
437.92	437.98	[3] of
438.08	438.16	[5] the
438.24	438.86	[5] subtitles
438.96	439.06	[4] on
439.12	439.22	[4] the
439.34	441.8	[5] screen
441.94	442.04	[3] then
442.16	442.28	[4] there
442.34	442.48	[4] should
443.04	443.16	[4] there
443.26	443.4	[4] should
443.52	443.58	[4] be
443.8	444.0	[4] some
444.04	444.44	[5] buttons
444.56	444.68	[4] which
444.82	444.98	[4] can
445.14	445.56	[5] control
445.7	446.06	[5] features
446.2	446.36	[5] like
446.48	446.58	[4] the
446.68	447.46	[5] color
447.64	447.96	[5] colour
447.98	448.06	[4] of
448.12	448.2	[5] the
448.3	448.6	[5] picture
448.78	448.86	[4] the
448.98	449.8	[5] contrast
449.9	450.54	[5] sharpness
450.78	452.06	[5] brightness
452.24	452.38	[5] of
452.4	452.48	[5] the
452.56	456.6	[5] picture
456.76	456.84	[3] now
456.92	457.04	[4] there
457.12	457.3	[4] should
457.36	457.44	[5] be
457.54	457.58	[4] a
457.68	458.2	[5] memory
458.3	462.6	[5] switch
462.68	462.8	[3] there
462.86	463.0	[4] should
463.1	463.16	[4] be
463.28	463.32	[4] a
463.42	463.66	[5] mute
463.66	463.72	[5] to
463.82	464.7	[5] button
464.78	465.3	[5] suddenly
465.34	465.4	[4] if
465.56	465.62	[3] if
465.84	465.9	[5] if
466.22	466.26	[5] a
466.62	466.66	[5] a
467.04	467.42	[5] viewber
467.46	467.52	[5] he
467.62	467.8	[5] gets
467.88	467.92	[5] a
468.0	468.5	[5] telephone
468.58	469.22	[5] call
469.32	469.4	[3] and
469.5	469.58	[5] if
469.62	469.72	[4] he
469.78	469.98	[4] want
470.08	470.14	[4] he
470.2	470.46	[5] doesn't
470.48	470.62	[5] want
470.66	470.72	[5] to
470.8	471.02	[5] switch
471.06	471.22	[5] off
471.28	471.54	[5] the
472.1	472.14	[5] a
472.4	472.9	[5] tv
473.04	473.12	[4] but
473.24	473.3	[3] he
473.54	473.6	[4] he
473.72	473.84	[4] can
473.94	474.3	[5] reduce
474.44	474.54	[4] thes
474.64	474.98	[5] sound
475.14	475.22	[4] he
475.3	475.8	[5] can
476.54	476.76	[5] bring
476.8	476.88	[5] the
477.08	477.66	[5] volume
477.84	478.16	[5] down
478.26	478.34	[3] and
478.42	478.48	[4] he
478.54	478.72	[5] can
478.76	479.1	[5] watch
479.14	479.48	[5] hekin
479.88	480.06	[4] while
480.18	480.44	[5] talking
480.5	480.56	[3] he
480.62	480.78	[5] can
480.82	481.02	[5] watch
481.08	481.16	[4] the
481.22	482.2	[5] tv
482.38	482.46	[1] now
482.68	482.76	[4] the
482.82	483.04	[5] most
483.12	483.5	[5] important
483.64	484.0	[5] feature
484.32	484.36	[5] i
484.48	484.64	[5] would
484.68	484.78	[4] like
484.9	484.96	[4] to
485.08	485.2	[4] have
485.44	485.5	[4] in
485.68	485.78	[4] my
486.08	486.52	[5] remote
486.56	486.7	[5] would
486.78	486.86	[4] be
486.94	487.02	[4] the
487.14	487.46	[5] speech
487.52	488.26	[5] recognition
488.4	490.28	[5] feature
490.46	490.6	[3] it's
490.62	490.68	[5] an
490.8	491.52	[5] integrated
491.6	492.02	[5] program
492.14	493.3	[5] programmable
493.56	493.98	[5] sample
494.08	494.68	[5] censor
494.8	495.18	[5] speaker
495.28	498.4	[5] unit
498.58	498.64	[3] so
498.94	499.36	[3] remote
499.4	499.58	[5] can
500.06	500.14	[4] can
500.28	500.34	[3] be
500.68	500.72	[5] a
501.06	501.48	[5] designed
501.64	501.76	[4] which
501.88	501.98	[4] can
502.1	502.24	[4] have
502.32	502.4	[4] the
502.52	502.8	[5] voice
502.94	504.5	[5] recognizes
504.68	504.76	[4] you
504.86	505.0	[4] can
505.14	505.54	[5] record
505.64	505.78	[4] your
506.06	506.36	[5] own
506.48	509.44	[5] voice
509.54	510.3	[3] mhm
510.4	510.56	[2] which
510.68	510.78	[4] can
510.88	510.94	[4] be
511.06	511.64	[3] recognized
511.82	511.9	[5] by
512.1	512.18	[4] as
512.32	512.6	[4] voice
512.64	513.32	[5] recognizer
513.4	513.46	[4] in
513.54	513.62	[4] the
513.68	514.48	[5] television
514.66	514.74	[3] for
514.84	515.18	[5] example
515.26	515.32	[4] if
515.36	515.44	[5] you
515.56	515.8	[5] want
515.82	515.9	[5] to
516.1	516.44	[5] see
516.74	516.8	[4] if
516.86	516.94	[4] you
517.06	517.18	[3] want
517.28	517.34	[3] to
517.42	517.56	[4] see
517.62	517.72	[4] the
517.82	518.16	[5] ninthy
518.24	518.68	[5] channel
518.84	518.9	[4] if
518.96	519.06	[4] you
519.14	519.28	[5] say
519.44	519.82	[5] jesse
519.92	520.28	[5] ninth
520.36	523.16	[5] channelthe
523.16	523.24	[5] the
523.98	524.08	[5] the
524.16	524.74	[5] remotewill
524.78	525.4	[5] automatically
525.52	525.76	[5] twill
525.8	526.04	[5] switch
526.12	526.18	[3] to
526.26	526.34	[4] the
526.42	526.76	[5] ninth
526.84	527.62	[5] channel
527.7	528.02	[4] mhm
528.08	528.16	[3] so
528.22	528.3	[4] the
528.38	528.66	[5] tv
528.68	528.84	[5] will
528.92	529.02	[4] have
529.12	529.26	[5] some
529.36	529.96	[5] recognizer
529.98	530.12	[5] which
530.16	530.32	[5] will
530.34	531.0	[5] recognize
531.12	531.2	[4] the
531.36	531.88	[5] user's
531.98	532.46	[5] voice
532.54	532.62	[4] and
532.72	533.24	[5] accordingly
533.3	533.36	[4] it
533.4	533.56	[4] will
533.62	533.9	[5] change
533.94	534.08	[5] its
534.18	535.58	[5] functionalities
535.8	535.88	[4] but
535.96	536.06	[4] this
536.12	536.18	[4] is
536.3	536.38	[4] one
536.44	536.5	[5] of
536.54	536.62	[5] the
536.66	536.84	[5] very
536.88	537.26	[5] important
537.32	537.62	[5] features
537.74	537.78	[5] a
537.84	538.26	[5] remote
538.34	538.74	[5] control
538.82	539.0	[5] can
539.06	540.98	[5] have
541.16	541.22	[3] so
541.32	541.42	[3] this
541.52	541.58	[4] is
541.94	542.02	[4] one
542.28	542.36	[3] one
542.46	542.52	[4] of
542.6	542.68	[4] the
542.8	543.92	[4] interface
544.06	544.18	[5] which
544.3	544.38	[4] can
544.48	544.54	[4] be
544.68	546.68	[4] created
547.16	547.22	[5] a
547.36	547.6	[3] very
547.68	548.0	[3] simple
548.08	548.6	[5] interface
548.62	548.8	[5] which
548.86	549.02	[5] has
549.16	549.34	[4] all
549.42	549.52	[4] that
549.88	549.94	[4] ah
551.02	551.56	[4] important
551.66	553.3	[5] features
553.36	553.44	[5] the
553.74	554.16	[3] plisdling
554.2	555.66	[4] sag
555.72	555.82	[5] that
556.18	556.38	[2] these
556.42	556.54	[4] are
556.56	556.72	[5] some
556.76	556.88	[5] of
556.92	557.0	[5] the
557.08	557.52	[5] remotes
557.7	557.82	[4] which
558.06	558.2	[4] are
558.32	558.7	[5] different
558.78	558.84	[4] in
559.0	559.3	[5] shape
559.4	559.48	[4] and
559.66	559.96	[4] colour
560.06	560.14	[4] but
560.28	560.38	[4] they
560.54	560.64	[4] have
560.94	561.28	[5] many
561.36	562.14	[5] buttons
562.22	562.58	[4] mm
562.68	562.72	[5] s
563.08	563.44	[5] sometimes
563.52	563.6	[3] the
563.72	564.02	[5] user
564.08	564.26	[4] finds
564.36	564.42	[4] it
564.54	564.74	[5] very
564.78	565.2	[5] difficult
565.3	565.36	[3] to
565.46	565.94	[5] recognize
566.02	566.2	[5] which
566.26	566.58	[5] button
566.6	566.68	[4] is
566.76	566.9	[4] for
566.98	567.2	[4] what
567.3	567.74	[5] function
567.76	567.84	[3] and
567.94	568.04	[4] all
568.14	568.24	[3] that
568.58	568.64	[4] so
568.74	568.82	[4] you
568.88	568.96	[4] can
569.24	569.32	[4] you
569.4	569.48	[5] can
569.68	570.04	[5] design
570.24	570.3	[4] an
570.44	570.9	[5] interface
570.92	571.04	[5] which
571.08	571.14	[4] is
571.28	571.5	[4] very
571.6	572.32	[5] simple
572.36	572.46	[5] and
572.52	572.68	[5] which
572.7	572.78	[5] is
572.9	573.04	[5] use
573.08	573.2	[5] of
573.26	573.62	[5] friendly
573.66	573.88	[5] even
573.96	574.0	[5] a
574.1	574.36	[5] kid
574.38	574.56	[5] can
574.7	574.94	[5] use
574.98	575.8	[5] that
576.22	576.38	[5] can
576.4	576.52	[5] you
576.54	577.26	[5] go
577.28	577.38	[5] to
577.4	577.48	[5] the
577.52	577.76	[5] next
577.82	578.96	[5] lade
579.0	579.16	[5] yeah
579.54	579.6	[3] so
579.72	579.82	[4] this
579.88	579.94	[4] is
580.08	580.18	[5] one
580.22	580.28	[5] of
580.32	580.4	[5] the
580.5	581.0	[5] interface
581.02	581.1	[5] or
581.18	581.28	[5] one
581.32	581.38	[4] of
581.44	581.52	[5] the
581.58	582.0	[5] remote
582.02	582.14	[5] which
582.28	582.42	[5] has
582.5	582.68	[5] this
582.78	583.06	[4] wipe
583.14	583.38	[4] voice
583.6	584.46	[5] recognizer
585.02	585.1	[3] and
585.18	585.32	[5] the
585.36	585.54	[5] has
585.72	586.48	[5] multipurpose
586.54	586.74	[5] use
586.78	586.84	[4] it
586.96	587.06	[4] can
587.14	587.2	[4] be
587.32	587.48	[4] used
587.56	587.66	[4] for
587.78	587.94	[5] t
587.96	588.1	[5] v
588.14	588.2	[5] it
588.24	588.34	[4] can
588.4	588.46	[4] be
588.54	588.68	[4] used
588.76	588.84	[4] for
588.92	589.24	[5] cable
589.28	589.94	[5] satellites
590.12	590.18	[3] it
590.26	590.38	[5] can
590.42	590.5	[5] be
590.56	590.7	[5] used
590.72	590.86	[5] for
590.9	591.02	[5] vi
591.04	591.18	[5] ci
591.2	591.36	[5] ar
591.38	592.1	[5] dvds
592.14	592.24	[5] and
592.32	595.04	[5] audio
595.16	595.24	[3] and
595.32	595.46	[3] this
595.56	595.66	[4] has
595.86	596.32	[4] inbuilt
596.38	596.8	[5] vice
596.94	601.54	[5] recognizer
601.58	601.84	[5] genning
602.08	602.22	[3] to
602.22	602.3	[5] the
602.34	602.6	[5] night
602.66	603.52	[5] slat
603.76	603.84	[4] now
603.96	604.08	[4] this
604.14	604.28	[4] is
604.3	604.36	[5] an
604.44	605.02	[5] interface
605.06	605.22	[5] for
605.26	605.3	[5] a
605.42	605.74	[5] child
605.78	605.92	[5] or
605.92	606.12	[5] for
606.22	606.26	[5] a
606.34	606.94	[5] remote
608.08	608.2	[4] which
608.4	608.44	[5] a
608.54	608.9	[5] child
608.96	609.18	[5] can
609.36	609.92	[5] use
610.1	610.18	[4] how
610.28	610.42	[5] this
610.46	610.54	[5] is
610.7	610.84	[5] use
610.88	611.0	[5] of
611.06	611.36	[5] friendly
611.4	611.54	[5] it's
611.64	611.86	[4] very
611.92	612.76	[5] attractive
612.9	612.98	[4] and
613.7	614.02	[5] children
614.12	614.26	[4] can
614.44	614.6	[5] use
614.68	614.74	[4] it
614.88	614.94	[3] as
615.02	615.16	[5] well
615.18	615.24	[5] as
615.28	615.38	[4] they
615.44	615.52	[4] can
615.62	615.78	[4] play
615.84	615.98	[5] with
616.02	616.42	[5] it
616.66	616.74	[3] and
616.9	617.06	[5] this
617.14	617.32	[5] comes
617.46	617.56	[4] with
617.7	618.42	[5] different
618.64	619.08	[5] colours
619.16	619.58	[5] different
619.72	626.82	[5] shapes
626.94	627.02	[3] and
627.14	627.24	[4] this
627.52	627.88	[4] this
628.24	628.7	[5] childer
628.92	629.46	[5] interface
629.48	629.6	[5] has
629.8	630.36	[5] minimum
630.46	631.38	[5] buttons
631.48	631.56	[4] and
631.68	631.78	[4] all
631.88	631.96	[4] the
632.06	633.4	[5] important
634.26	635.02	[5] buttons
635.08	635.24	[5] are
635.28	635.52	[5] there
635.54	635.6	[4] in
635.72	635.82	[5] this
636.1	636.46	[5] small
636.54	637.94	[5] compact
638.2	639.48	[5] attractive
639.64	639.96	[5] child
640.0	646.48	[5] interface
646.58	646.76	[3] ex
646.8	647.74	[5] latpeace
647.78	647.86	[5] now
648.0	648.26	[5] this
648.3	648.38	[2] is
648.62	648.66	[2] a
648.8	649.62	[2] big
649.76	650.38	[5] oversize
650.58	651.24	[5] remote
651.34	651.46	[4] which
651.62	651.92	[5] cannot
652.06	652.14	[4] be
652.28	653.36	[5] misplaced
653.4	653.48	[5] or
653.56	653.72	[5] it's
653.76	654.32	[5] impossible
654.34	656.44	[5] too
656.46	656.7	[0] don't
656.72	656.94	[0] know
656.98	661.08	[0] mehei
661.12	661.4	[4] old'
661.42	661.62	[0] be
661.7	667.34	[4] aiican
667.36	667.52	[4] this
667.54	667.6	[2] is
667.7	667.74	[5] a
667.82	668.16	[2] gemral
668.18	668.62	[5] universal
668.64	668.96	[5] rawort
669.0	669.42	[5] cattral
669.58	669.78	[4] it's
669.86	670.46	[5] impossible
670.48	670.7	[5] to
670.94	670.96	[5] 
671.02	671.66	[5] misplace
671.7	671.82	[2] or
671.88	673.7	[2] lose
674.1	674.2	[4] this
674.28	674.34	[4] is
674.48	674.62	[4] one
674.68	674.88	[5] sech
674.9	675.36	[5] interface
675.36	675.48	[4] which
675.56	675.64	[4] can
675.74	675.8	[5] be
675.9	678.24	[5] created
678.36	678.44	[3] and
678.48	678.56	[5] the
678.64	679.02	[5] personal
679.08	680.04	[5] preference
680.52	680.72	[5] would
680.76	681.08	[5] be
681.12	681.88	[5] ap
682.26	682.32	[3] to
682.46	683.04	[5] incorporate
683.28	683.64	[5] speech
683.68	684.86	[5] recognises
685.3	685.44	[4] which
685.52	685.68	[5] will
685.78	686.2	[5] respond
686.34	686.44	[3] to
686.62	687.1	[5] use's
687.2	687.86	[2] voice
687.92	688.02	[3] for
688.1	688.14	[5] a
688.22	689.04	[5] particular
689.48	691.9	[2] function
691.92	692.1	[5] thank
692.12	692.3	[5] you
692.32	712.28	[5] that'soky
712.36	712.56	[1] thank
712.58	712.66	[2] you
712.74	712.94	[3] very
712.96	713.48	[2] much
713.72	713.78	[2] eh
714.46	714.66	[2] any
714.72	715.2	[4] comments
715.32	715.4	[4] on
715.92	716.04	[2] her
716.1	720.34	[4] presentation
720.38	720.78	[2] well
720.84	721.34	[2] um
721.64	721.84	[3] looks
721.9	722.0	[0] like
722.08	722.14	[0] we
722.24	722.38	[0] still
722.46	722.56	[4] have
722.72	722.9	[3] quite
722.92	722.96	[4] a
723.08	723.32	[4] choice
723.36	723.42	[0] of
723.52	723.78	[0] things
723.84	724.0	[0] out
724.02	724.86	[0] there
725.02	725.18	[4] um
725.74	725.9	[4] what
726.16	726.2	[4] u
726.94	727.02	[0] i'm
727.42	727.58	[0] no
727.62	728.2	[0] suggestion's
728.22	728.86	[0] bad
728.92	729.0	[4] but
729.34	729.56	[0] weare
729.58	729.7	[0] going
729.7	729.76	[4] to
729.82	729.92	[3] have
730.0	730.06	[0] to
730.16	730.44	[0] narrow
730.48	730.54	[4] it
730.64	730.78	[4] down
731.12	731.16	[4] a
731.24	731.44	[4] little
731.48	731.6	[4] more
731.72	731.76	[0] i
731.8	731.96	[0] don't
731.98	732.1	[0] think
732.22	732.28	[4] at
732.34	732.4	[4] we
732.5	732.66	[0] can
732.68	733.68	[0] get
733.86	733.92	[4] uh
734.94	735.04	[4] the
735.12	735.3	[0] tea
735.34	735.52	[0] shape
735.54	735.68	[0] is
735.74	735.98	[4] gord
736.08	736.16	[4] the
736.24	736.5	[0] child
736.56	736.68	[0] une
736.72	736.86	[0] is
736.9	737.68	[0] good
737.7	737.8	[0] it's
737.88	737.92	[0] a
738.0	738.14	[0] too
738.18	738.34	[0] big
738.36	738.72	[0] domiss
738.78	739.02	[0] plecs
739.12	739.16	[0] i
739.22	739.38	[0] think
739.42	739.54	[0] is
739.58	739.74	[0] just
739.78	742.98	[0] funny
743.2	743.28	[5] and
743.78	743.82	[4] i
743.88	744.02	[4] don't
744.06	744.18	[0] think
744.3	744.54	[0] that's
744.6	744.8	[4] gonna
744.86	744.92	[4] be
745.18	745.26	[4] our
745.52	746.02	[0] impulse
746.1	746.74	[0] purchase
746.82	747.02	[0] as
747.02	747.1	[0] the
747.26	747.48	[0] check
747.5	747.68	[0] out
747.76	748.26	[0] counteres
748.3	748.46	[0] is
748.5	748.62	[0] going
748.62	748.68	[3] to
748.74	748.8	[0] be
748.9	748.94	[0] a
749.0	749.18	[0] little
749.22	749.36	[0] bit
749.42	749.6	[4] now
749.68	749.76	[2] i
749.8	750.02	[2] think
750.06	750.28	[2] so
750.28	750.46	[2] these
750.48	750.62	[2] are
750.66	750.76	[2] rer
750.8	752.34	[2] presentationsbut
752.84	752.94	[2] as
752.96	753.1	[2] well
753.12	753.18	[2] as
753.24	753.28	[2] a
753.36	753.74	[2] decision
753.76	754.98	[2] makinggettin
754.98	755.12	[2] them
755.12	755.36	[2] by
755.4	755.46	[2] e
755.46	755.9	[2] par
755.92	756.1	[2] haf
756.14	756.6	[2] crocker
756.66	756.74	[4] but
756.88	756.94	[4] if
757.16	757.2	[2] i
757.32	757.44	[2] just
757.46	757.7	[2] wanted
757.72	757.78	[2] to
757.8	757.9	[2] know
757.92	758.16	[2] whether
758.2	758.64	[2] anybody
758.72	758.88	[2] had
759.02	760.2	[2] anyan
760.42	760.76	[2] anything
760.8	760.86	[4] to
760.98	761.18	[4] add
761.42	761.5	[4] to
761.94	762.02	[4] her
762.48	762.92	[0] meithic
762.94	763.02	[0] and
763.04	763.58	[0] presentation
763.6	763.68	[4] was
763.78	763.94	[4] good
764.06	764.14	[4] and
764.2	764.34	[4] mu
764.38	764.46	[0] he
764.54	764.92	[0] really
765.12	765.54	[0] explored
765.6	765.7	[4] all
765.76	765.84	[4] the
765.9	766.38	[0] options
766.46	767.32	[2] mhm
767.54	767.68	[2] who
767.7	767.84	[2] wants
767.86	767.92	[4] to
767.98	768.1	[4] go
768.18	768.68	[2] next
768.76	770.84	[2] ser
770.94	771.42	[2] okay
771.5	771.78	[2] and
771.8	772.04	[2] you
772.06	778.5	[2] miseea
778.5	778.62	[1] the
778.66	778.96	[3] next
779.02	779.48	[2] one
779.58	787.48	[1] oopst
787.54	787.64	[1] the
787.72	788.2	[5] compons
788.22	788.64	[1] desighed
788.72	789.52	[3] mhm
789.58	796.98	[3] oky
797.04	798.14	[2] um
798.22	798.38	[2] this
798.42	798.58	[2] time
798.7	798.74	[3] i
798.92	799.0	[1] i'm
799.08	799.34	[1] going
799.36	799.48	[4] to
799.76	799.82	[1] uh
801.1	801.62	[3] concentrate
801.7	801.96	[1] more
802.0	802.16	[1] on
802.2	802.28	[1] the
802.44	803.26	[1] components
803.28	803.64	[1] moemen
803.66	803.74	[1] the
803.82	804.24	[1] technical
804.3	804.5	[1] side
804.52	804.58	[4] of
804.66	804.74	[1] the
805.0	805.34	[1] remote
805.38	805.86	[1] controller
805.88	807.02	[1] design
807.18	807.26	[4] er
807.48	807.72	[1] can
807.76	807.9	[1] go
807.92	808.02	[1] on
808.04	808.14	[1] to
808.16	808.78	[1] theness
808.84	809.1	[1] lige
809.14	810.04	[1] please
810.08	810.18	[1] i
810.22	810.38	[1] have
810.42	810.62	[1] just
810.84	811.56	[1] breathed
811.64	811.68	[1] a
811.86	812.18	[1] do
812.24	812.64	[1] few
812.66	812.7	[1] a
812.96	813.38	[1] components
813.44	813.56	[4] which
813.68	813.76	[4] we
813.86	814.4	[1] require
814.44	814.52	[4] for
814.62	814.7	[1] the
814.98	815.34	[1] remote
815.38	815.82	[1] control
815.86	815.92	[1] of
816.1	817.1	[1] construction
817.32	817.38	[3] er
817.6	817.68	[4] the
817.76	818.02	[1] first
818.08	818.2	[1] one
818.24	818.38	[1] is
818.7	819.54	[1] case
819.78	819.84	[3] to
819.94	820.12	[1] keep
820.2	820.3	[4] all
820.36	820.44	[4] the
820.5	820.92	[1] companents
820.94	821.12	[1] like
821.14	821.66	[1] integrated
821.72	822.26	[1] cirgeed
822.32	822.9	[1] batdery
822.94	823.06	[1] its
823.1	823.42	[1] erit
823.46	823.62	[1] et
823.64	823.94	[1] rights
823.96	824.18	[1] like
825.08	825.14	[4] it
825.28	825.38	[4] can
825.5	825.56	[4] be
825.72	825.76	[1] a
825.92	826.44	[1] plastic
826.5	826.84	[1] one
827.0	827.24	[4] heard
827.34	828.06	[1] plastic
828.26	828.34	[1] so
828.38	828.48	[4] that
828.56	828.62	[4] it
828.7	828.78	[4] can
828.88	828.94	[1] be
829.12	829.68	[1] strong
829.76	829.98	[1] even
830.0	830.08	[1] if
830.14	830.36	[1] you
830.74	831.12	[1] just
831.16	831.38	[1] e
831.96	832.04	[1] you
832.08	832.14	[4] kn
832.14	832.18	[4] w
832.28	832.34	[4] if
832.4	832.44	[3] y
832.44	832.48	[3] u
832.98	833.04	[4] if
833.18	833.24	[1] it
833.4	833.68	[1] falls
833.74	833.88	[4] down
834.04	834.14	[4] then
834.22	834.28	[4] it
834.44	834.7	[1] doesn't
835.1	835.48	[1] break
835.54	835.68	[4] so
836.06	836.12	[3] it
836.2	836.36	[1] should
836.42	836.48	[4] be
836.64	837.34	[1] strong
837.56	837.74	[1] and
839.14	839.3	[1] there
839.32	839.46	[1] are
839.52	839.64	[4] no
839.72	840.1	[1] harmful
840.14	840.66	[1] materials
840.76	840.92	[4] used
840.98	841.04	[4] in
841.12	841.72	[1] that
842.02	842.1	[4] and
842.28	842.34	[3] it
842.42	842.58	[4] should
842.64	842.7	[3] be
842.82	844.74	[1] recyclable
844.8	845.6	[3] amah
845.66	845.94	[1] under
846.0	846.74	[1] aglapoint
846.78	847.1	[1] yea
847.12	847.2	[1] and
847.3	847.56	[1] also
847.82	847.86	[1] a
848.04	848.32	[1] using
848.36	848.44	[1] of
848.52	848.9	[1] coloring
848.92	849.38	[1] com
849.44	849.94	[1] componds
850.06	850.22	[1] like
850.56	850.62	[4] if
850.78	850.88	[4] we
850.96	851.12	[1] want
851.16	851.22	[4] to
851.32	851.42	[1] have
851.52	851.86	[1] different
851.9	852.22	[1] colors
852.44	852.66	[4] blue
852.72	853.02	[1] red
853.12	854.08	[1] green
854.18	854.34	[4] so
855.08	855.22	[1] we
855.24	855.36	[1] have
855.4	855.46	[1] to
855.54	855.7	[1] use
855.8	855.86	[4] uh
855.98	856.12	[1] some
856.16	856.54	[1] colouring
856.56	857.08	[1] component
857.1	857.64	[1] compoe
857.68	858.54	[1] componts
858.9	858.94	[4] n
859.4	859.48	[1] the
859.56	859.86	[1] second
859.94	860.4	[1] important
860.54	860.8	[1] thing
860.94	861.16	[1] is
861.52	861.56	[1] a
862.22	862.26	[1] a
862.48	862.98	[1] integrated
863.08	864.38	[1] circuit
864.52	864.58	[4] ah
865.16	865.56	[1] minsher
865.58	865.72	[1] we
865.72	865.9	[1] can
865.94	866.08	[1] use
866.12	866.16	[4] a
866.28	866.56	[4] highly
866.64	867.36	[1] sophisticated
867.48	867.66	[1] one
867.7	867.98	[1] because
868.06	868.2	[1] it's
868.28	868.4	[4] like
868.78	868.88	[4] it's
868.96	869.06	[1] like
869.12	869.2	[1] the
869.24	869.42	[1] heart
869.44	869.5	[1] of
869.56	869.64	[1] the
869.68	870.02	[1] remote
870.04	870.52	[1] controller
870.64	870.72	[4] if
870.8	870.9	[4] it
870.96	871.04	[4] is
871.14	871.26	[4] not
871.36	871.84	[1] efficient
871.86	872.04	[1] then
872.46	872.8	[1] everything
873.1	873.16	[4] is
873.28	873.5	[1] going
873.56	873.62	[3] to
873.7	873.78	[4] be
874.06	874.1	[1] a
874.24	874.4	[1] like
874.86	874.9	[3] t
874.9	874.94	[1] e
875.0	875.2	[1] lif
875.22	875.36	[1] is
875.4	875.6	[1] bless
875.64	876.1	[1] efficient
876.16	876.3	[4] so
876.4	876.46	[4] it
876.62	876.86	[4] ushould
877.06	877.12	[3] we
877.18	877.34	[4] should
877.42	877.52	[4] have
877.68	877.72	[1] a
877.8	878.1	[1] highly
878.16	878.86	[1] sophisticated
878.96	879.4	[1] one
879.54	879.62	[3] and
879.7	879.76	[4] it
879.8	879.96	[4] should
880.0	880.06	[1] be
880.16	880.62	[1] resistant
880.66	880.92	[1] to
881.18	881.48	[1] high
881.52	881.62	[4] as
881.68	881.84	[4] well
881.88	881.94	[4] as
882.22	882.26	[4] a
882.4	882.56	[4] low
882.62	883.42	[1] temperatures
883.54	883.88	[1] suppose
884.02	884.14	[1] if
884.18	884.26	[4] it
884.32	884.4	[1] is
884.52	884.74	[1] thirty
884.78	884.9	[1] eight
884.96	885.26	[1] degrees
885.38	885.7	[1] outside
885.78	886.36	[1] fortilegrees
886.42	886.78	[1] outside
886.84	887.56	[1] richard
887.6	887.7	[1] it
887.72	887.88	[1] should
888.34	888.44	[4] be
888.5	888.76	[1] able
888.78	888.84	[1] to
889.14	889.62	[1] arresist
889.64	889.94	[1] the
890.3	891.38	[1] temperature
891.56	891.62	[4] of
892.44	892.92	[1] hyzan
892.96	893.02	[1] of
893.58	893.9	[1] hithtand
893.98	894.14	[1] bridge
894.14	894.24	[1] an
894.36	894.54	[1] blue
894.58	895.68	[1] empators
895.8	895.88	[4] and
896.28	896.34	[4] it
896.4	896.56	[1] should
896.6	896.66	[1] be
896.76	897.0	[1] with
897.64	897.7	[3] um
898.16	898.56	[1] equiped
898.64	898.74	[4] with
898.96	899.32	[1] timer
899.34	899.42	[1] and
899.5	899.8	[1] alowng
899.86	901.34	[1] facility
901.38	901.46	[3] and
901.8	901.88	[4] the
902.42	902.98	[1] other
903.08	903.54	[1] component
903.56	903.68	[1] we
903.7	903.86	[1] should
904.24	904.3	[3] we
904.52	904.64	[4] have
904.74	904.8	[4] in
904.86	904.94	[1] the
904.98	905.26	[1] remote
905.28	905.78	[1] contolory
905.8	905.88	[4] is
905.94	906.0	[1] a
906.1	906.94	[1] esistad
907.26	907.32	[4] of
908.16	908.32	[1] which
908.36	908.5	[1] is
908.54	908.74	[1] like
909.22	909.28	[3] it
909.36	909.42	[4] is
909.52	909.76	[1] very
909.84	910.02	[1] very
910.04	910.14	[1] much
910.24	910.72	[1] important
910.78	910.94	[1] for
910.96	911.04	[1] the
911.52	912.5	[1] electrocity
912.52	912.56	[1] o
912.56	912.6	[1] f
913.2	913.66	[1] flow
913.7	913.98	[1] through
914.02	914.1	[1] and
914.24	914.46	[1] throu
914.5	914.66	[1] through
914.72	914.8	[4] the
915.18	915.52	[1] remote
915.54	916.02	[1] controller
916.08	916.16	[4] and
916.22	916.3	[4] are
916.36	916.58	[1] also
916.64	916.68	[1] a
916.76	917.48	[1] capacitor
917.52	917.68	[1] which
917.7	917.84	[1] is
917.86	917.9	[4] a
918.52	918.64	[4] which
918.7	918.76	[4] is
919.38	919.42	[4] i
919.5	919.62	[4] think
919.68	919.78	[4] it's
919.94	920.06	[4] it's
920.12	920.26	[1] like
920.3	920.34	[1] a
920.44	920.92	[1] battery
921.06	921.72	[1] capacity
921.96	922.06	[1] and
922.08	922.26	[1] you'll
922.26	922.38	[1] go
922.38	922.56	[1] into
922.6	922.68	[1] the
922.72	922.94	[1] next
923.0	923.24	[1] light
923.28	923.56	[1] place
923.76	925.92	[3] uh
926.1	926.14	[1] a
926.48	927.52	[1] adayote
927.64	927.68	[1] a
927.82	928.82	[1] transistor
929.0	930.04	[1] aresonator
930.16	930.32	[1] these
930.34	930.48	[1] are
930.5	930.62	[1] all
930.68	930.76	[4] the
931.16	931.64	[1] technical
931.98	932.9	[1] electelectronic
932.92	933.38	[1] componts
933.5	934.06	[1] accomponents
934.08	934.2	[1] which
934.26	934.34	[4] are
934.42	934.54	[4] which
934.62	934.68	[4] we
934.98	935.1	[4] have
935.16	935.22	[3] to
935.3	935.44	[1] use
935.48	935.54	[1] in
935.6	935.64	[1] a
935.68	935.98	[1] remote
936.0	936.76	[1] controller
936.94	936.98	[1] a
937.08	937.58	[1] battery
937.68	937.74	[3] er
938.04	938.08	[4] i
938.14	938.3	[4] would
938.36	938.46	[4] like
938.58	938.66	[3] to
938.82	939.16	[1] suggest
939.3	939.42	[4] one
939.48	939.76	[1] thing
939.96	940.02	[4] eh
940.38	940.44	[3] if
940.76	941.42	[1] we
941.94	942.0	[3] if
942.18	942.28	[4] we
942.62	942.78	[1] will
942.84	942.9	[4] be
942.98	943.16	[4] able
943.32	943.38	[3] to
944.06	944.28	[1] make
944.32	944.76	[1] a
944.82	945.44	[1] rechargeable
945.48	945.82	[1] battery
945.84	945.94	[4] than
946.04	946.16	[4] which
946.6	946.7	[4] we
946.76	946.94	[1] need
946.98	947.06	[1] not
947.6	947.76	[1] go
947.78	947.92	[1] for
948.08	948.12	[1] a
948.46	948.66	[1] high
948.7	949.2	[1] performance
949.32	949.84	[1] battery
950.16	950.36	[4] even
950.38	950.44	[4] if
950.5	950.58	[4] it
950.62	950.7	[1] is
950.76	950.8	[1] a
950.82	951.02	[1] low
951.04	951.5	[1] performance
951.54	951.9	[1] battery
952.06	952.12	[3] it
952.42	952.48	[4] it
952.58	952.82	[1] can't
953.2	953.26	[4] it
953.36	953.56	[1] can't
953.68	953.88	[1] charge
954.06	954.26	[1] much
954.34	954.4	[4] it
954.52	954.82	[1] itis
954.88	954.96	[4] not
955.1	955.14	[1] a
955.26	955.44	[1] high
955.48	955.84	[1] wootage
955.9	956.26	[1] battery
956.28	956.38	[1] then
956.48	956.72	[1] also
956.76	956.86	[1] we
956.88	957.22	[1] can
957.44	957.5	[3] if
957.7	957.82	[1] it
957.84	957.94	[1] is
958.0	958.04	[1] a
958.06	958.7	[1] rechargeable
958.78	958.96	[1] one
958.98	959.08	[1] then
959.42	959.64	[1] people
959.68	959.8	[1] can
959.88	960.0	[1] use
960.04	960.1	[3] it
960.16	960.24	[0] for
960.32	960.36	[0] a
960.42	960.64	[0] long
960.7	960.84	[4] time
960.98	961.18	[1] so
961.46	961.52	[4] in
961.62	961.76	[1] that
961.78	961.96	[1] way
961.98	962.08	[1] we
962.1	962.26	[1] can
962.3	962.52	[1] cut
962.56	962.76	[1] cut
962.78	962.88	[1] the
962.92	963.26	[1] cost
963.3	964.3	[1] but
964.82	964.84	[4] 
965.04	965.14	[4] that
965.26	965.38	[4] we
965.44	965.54	[4] have
965.6	965.66	[3] to
965.74	965.88	[4] make
965.94	966.02	[1] the
966.06	966.4	[1] battery
966.44	966.52	[1] as
966.6	967.26	[1] rechargeable
967.3	968.26	[1] one
968.3	968.38	[3] and
968.52	968.6	[4] we
968.96	969.1	[1] we
969.14	969.24	[1] have
969.3	969.34	[1] a
969.42	969.82	[1] circuit
969.9	970.62	[1] board
971.04	971.1	[4] in
971.16	971.2	[1] a
971.24	971.56	[1] remote
971.6	972.1	[1] controlal
972.12	972.26	[1] can
972.28	972.42	[1] yo
972.42	972.56	[1] go
972.56	972.62	[4] to
972.68	972.78	[4] thet
973.08	973.3	[4] next
973.4	974.38	[1] slightly
974.44	974.52	[3] and
974.66	974.74	[4] how
975.02	975.1	[4] it
975.22	975.44	[4] works
975.58	975.66	[3] how
975.76	975.84	[1] the
975.88	976.16	[1] remote
976.2	976.7	[1] contrule
976.72	977.42	[1] works
977.48	977.64	[1] when
977.66	977.76	[1] you
977.84	978.02	[1] press
978.06	978.1	[1] a
978.14	984.42	[1] button
984.46	986.24	[3] go
986.28	986.48	[2] thank
986.5	986.84	[1] you
987.18	987.22	[1] h
987.34	987.5	[1] when
987.52	987.6	[1] you
987.7	987.86	[1] press
987.88	987.92	[1] a
987.96	988.28	[1] button
988.3	988.44	[1] when
988.46	988.56	[4] you
988.64	988.72	[1] do
988.8	989.68	[1] that
989.82	990.0	[1] you
990.04	990.44	[1] complete
990.58	990.62	[1] a
990.74	991.22	[1] specific
991.26	991.92	[1] connection
992.06	992.16	[4] that
992.32	992.52	[1] means
992.68	992.82	[4] when
992.86	992.94	[1] you
993.4	993.56	[1] when
993.58	993.74	[1] you
993.8	993.96	[1] press
993.98	994.04	[1] a
994.06	994.36	[1] buttoin
994.38	994.52	[1] there
994.56	994.7	[1] will
994.76	994.82	[4] be
994.96	995.0	[1] a
995.28	995.32	[1] a
995.44	995.68	[1] small
995.76	996.5	[1] circut
996.66	997.12	[1] underneath
997.16	997.24	[1] the
997.3	997.8	[1] button
997.92	998.0	[4] and
998.1	998.16	[4] it
998.22	998.4	[1] will
998.42	998.64	[1] send
998.66	998.84	[1] some
998.9	999.34	[1] signals
999.44	999.64	[4] through
999.7	999.78	[4] the
999.88	1001.0	[1] wires
1001.1	1001.18	[4] and
1001.24	1001.34	[4] then
1001.62	1001.7	[4] the
1001.86	1002.22	[1] chip
1002.28	1002.48	[1] will
1002.54	1002.8	[1] sense
1002.84	1002.98	[1] that
1003.06	1003.58	[1] connection
1003.62	1003.7	[1] and
1003.78	1004.04	[1] knows
1004.3	1004.4	[4] that
1004.68	1004.9	[1] which
1004.94	1005.26	[1] bitton
1005.3	1005.42	[1] is
1005.54	1005.92	[1] pressed
1006.02	1006.34	[1] suppose
1006.36	1006.48	[1] you
1006.5	1006.6	[1] have
1006.7	1006.92	[1] pressed
1007.12	1007.44	[1] channel
1007.54	1007.68	[1] one
1007.72	1008.02	[1] button
1008.14	1008.42	[1] number
1008.48	1008.56	[4] one
1008.64	1008.76	[1] you
1008.8	1008.92	[1] have
1009.02	1009.58	[1] pressed
1009.6	1009.76	[1] then
1009.78	1009.86	[1] the
1010.3	1010.34	[1] a
1010.74	1010.94	[1] chip
1010.98	1011.12	[1] will
1011.14	1011.24	[4] know
1011.3	1011.4	[4] that
1011.46	1011.54	[1] the
1011.7	1011.98	[1] number
1012.08	1012.58	[1] one
1012.7	1013.1	[1] button
1013.12	1013.3	[1] was
1013.38	1013.9	[1] pressed
1013.94	1014.42	[1] it
1014.46	1014.86	[1] produces
1014.92	1014.96	[4] a
1015.04	1015.14	[4] more
1015.36	1015.54	[4] more
1015.6	1015.86	[1] scored
1015.9	1016.12	[1] lying
1016.16	1016.48	[1] signal
1016.56	1016.98	[1] specific
1017.02	1017.1	[1] to
1017.14	1017.3	[1] that
1017.36	1018.26	[1] button
1018.38	1018.68	[1] every
1018.74	1019.04	[1] button
1019.24	1019.48	[1] every
1019.5	1019.96	[1] individual
1020.0	1020.32	[1] button
1020.34	1020.42	[1] has
1020.66	1020.8	[1] its
1020.92	1021.12	[4] own
1021.2	1021.48	[1] mose
1021.54	1021.78	[1] coat
1021.88	1022.28	[1] suppose
1022.54	1022.62	[4] the
1022.98	1023.02	[1] a
1023.22	1023.52	[1] user
1023.54	1023.68	[1] has
1023.78	1024.02	[1] pressed
1024.16	1024.44	[1] butter
1024.54	1024.7	[1] but
1024.72	1024.82	[1] in
1024.92	1025.32	[1] one
1025.46	1025.58	[4] then
1025.66	1025.72	[1] it
1025.76	1025.94	[1] will
1025.96	1026.08	[1] have
1026.12	1026.5	[1] asp
1026.5	1026.9	[1] the
1027.08	1027.42	[1] sircute
1027.44	1027.6	[1] will
1027.6	1027.98	[1] generate
1028.02	1028.06	[1] a
1028.12	1028.58	[1] specific
1028.64	1028.9	[1] mors
1028.92	1029.32	[1] cot
1029.36	1029.42	[3] to
1030.18	1030.26	[1] tha
1030.44	1030.62	[1] that
1030.66	1031.4	[1] button
1031.46	1031.54	[1] and
1031.58	1031.66	[1] the
1031.78	1032.24	[1] transistor
1032.24	1032.46	[1] will
1032.52	1032.96	[1] amplify
1033.02	1033.1	[4] the
1033.16	1033.58	[1] signal
1033.64	1033.72	[4] and
1033.84	1034.04	[1] send
1034.28	1034.44	[4] them
1034.5	1034.56	[3] to
1034.64	1034.72	[4] the
1034.9	1036.12	[1] edidi
1036.14	1036.28	[1] which
1036.5	1036.96	[1] translates
1037.04	1037.12	[1] the
1037.16	1037.46	[1] signal
1037.5	1037.7	[1] into
1037.74	1038.18	[1] inflorded
1038.24	1038.88	[1] light
1038.94	1039.04	[4] like
1039.52	1039.6	[4] you
1039.72	1039.82	[4] have
1039.9	1040.02	[4] got
1040.08	1040.12	[1] a
1040.2	1040.88	[1] signal
1041.02	1041.18	[4] by
1041.26	1041.58	[1] pressing
1041.62	1041.68	[1] a
1041.72	1042.36	[1] button
1042.46	1042.58	[4] that
1043.58	1044.06	[1] morscoot
1044.08	1044.16	[1] has
1044.26	1044.4	[1] been
1044.42	1044.94	[1] generated
1045.1	1045.18	[4] by
1045.24	1045.32	[4] the
1045.38	1045.88	[1] integrated
1045.96	1046.78	[1] circut
1046.92	1047.0	[4] now
1047.32	1047.54	[4] that
1047.66	1048.0	[1] signal
1048.02	1048.12	[1] that
1048.26	1048.78	[1] mosscout
1048.84	1048.94	[4] has
1049.08	1049.14	[3] to
1049.22	1049.3	[4] be
1049.44	1049.96	[1] amplified
1050.02	1050.08	[3] by
1050.14	1050.22	[3] the
1050.32	1050.88	[1] transistor
1050.9	1051.0	[1] that
1051.04	1051.1	[1] is
1051.14	1051.22	[4] the
1051.3	1051.42	[4] use
1051.44	1051.5	[1] of
1051.64	1052.14	[1] trancist
1052.34	1052.88	[1] transisto
1052.92	1053.12	[1] weat
1053.14	1053.28	[1] which
1053.34	1053.42	[3] we
1053.5	1053.62	[1] use
1053.64	1053.7	[1] in
1053.72	1053.8	[1] the
1053.84	1054.12	[1] remote
1054.14	1054.56	[1] controly
1054.58	1054.64	[1] it
1054.68	1054.82	[1] will
1054.92	1055.38	[1] amplify
1055.46	1055.54	[1] the
1055.6	1056.06	[1] signal
1056.22	1056.3	[3] and
1056.38	1056.44	[3] it
1056.5	1056.66	[1] will
1056.72	1056.88	[1] send
1056.94	1057.0	[1] it
1057.04	1057.1	[1] to
1057.14	1057.22	[1] the
1057.36	1057.52	[1] l
1057.52	1057.7	[1] ge
1057.72	1058.24	[1] d
1058.28	1058.36	[1] and
1058.44	1058.58	[1] which
1058.78	1059.2	[1] translates
1059.3	1059.38	[1] the
1059.42	1059.76	[1] signal
1059.78	1060.02	[1] into
1060.12	1060.18	[4] an
1060.32	1061.14	[1] infrainfrurred
1061.18	1061.9	[1] bits
1062.0	1062.08	[3] the
1062.14	1062.44	[1] censor
1062.46	1062.52	[1] in
1062.56	1062.64	[1] the
1062.7	1063.04	[1] tv
1063.08	1063.22	[1] can
1063.24	1063.4	[1] see
1063.42	1063.5	[1] the
1063.56	1064.0	[1] infrinite
1064.06	1064.38	[1] light
1064.46	1064.54	[4] and
1064.64	1064.9	[1] seeing
1064.98	1065.1	[1] the
1065.14	1066.12	[1] signal
1066.2	1066.44	[1] seeing
1066.46	1066.54	[1] the
1066.6	1066.92	[1] signal
1066.96	1067.22	[1] re
1067.24	1067.34	[1] it
1067.42	1067.76	[1] reacts
1067.92	1068.9	[1] appropriately
1069.12	1069.22	[4] that
1069.34	1069.5	[1] when
1069.52	1069.64	[1] it
1069.74	1070.08	[1] sees
1070.26	1070.34	[3] the
1070.54	1071.26	[1] amplified
1071.34	1071.82	[1] momor
1071.86	1072.16	[1] scote
1072.2	1072.6	[1] signal
1072.64	1072.76	[1] than
1072.9	1072.96	[4] it
1073.04	1073.32	[1] will
1073.9	1073.96	[4] it
1074.04	1074.24	[1] will
1074.32	1074.42	[4] herb
1074.84	1075.1	[1] know
1075.24	1075.72	[1] which
1075.88	1075.98	[4] what
1076.34	1076.5	[4] what
1076.58	1076.86	[1] action
1076.92	1077.0	[4] it
1077.08	1077.26	[4] has
1077.38	1077.44	[3] to
1077.96	1078.02	[4] or
1078.12	1078.38	[1] do
1078.66	1078.76	[4] then
1078.88	1078.94	[3] it
1079.0	1079.16	[1] will
1079.2	1079.26	[4] do
1079.32	1079.4	[1] the
1079.48	1080.04	[1] appropriate
1080.14	1080.92	[1] action
1081.04	1081.18	[4] so
1081.6	1081.72	[4] this
1081.78	1081.84	[4] is
1082.02	1082.1	[4] how
1082.28	1082.36	[4] the
1082.8	1083.12	[1] remote
1083.14	1083.62	[1] controller
1083.64	1085.74	[1] works
1086.02	1086.16	[3] can
1086.18	1086.26	[1] i
1086.28	1086.38	[1] go
1086.4	1086.46	[1] to
1086.5	1086.58	[1] the
1086.62	1086.82	[1] next
1086.86	1088.1	[1] like
1088.16	1088.26	[4] yeah
1088.38	1088.54	[1] i
1088.56	1088.66	[4] have
1088.76	1088.92	[4] few
1089.02	1089.36	[1] pictures
1089.48	1089.6	[4] when
1089.68	1089.76	[4] you
1089.94	1090.12	[1] look
1090.14	1090.2	[4] at
1090.26	1090.34	[3] the
1090.56	1090.64	[1] er
1091.42	1091.76	[1] remot
1091.78	1092.54	[1] controller
1092.7	1092.76	[4] or
1093.1	1093.16	[4] it
1093.86	1093.96	[4] this
1094.02	1094.08	[3] is
1094.14	1094.18	[1] a
1094.24	1094.58	[1] normal
1094.6	1094.9	[1] remote
1094.92	1095.48	[1] contruler
1095.98	1096.0	[4] 
1096.02	1096.1	[4] and
1096.56	1096.68	[4] to
1096.72	1096.78	[4] an
1096.86	1097.36	[4] exlite
1097.42	1099.1	[1] please
1099.12	1099.2	[3] and
1099.3	1099.52	[1] where
1099.56	1099.76	[1] we
1099.8	1100.14	[1] had
1100.28	1100.32	[1] a
1100.38	1100.56	[1] few
1100.6	1100.98	[1] buttons
1101.0	1101.14	[1] and
1101.18	1101.64	[1] all
1101.76	1101.84	[4] and
1102.2	1102.26	[4] if
1102.32	1102.4	[4] you
1102.54	1102.8	[1] open
1102.82	1102.92	[1] the
1102.96	1103.28	[1] remote
1103.32	1103.78	[1] controller
1103.8	1103.96	[1] you
1104.0	1104.14	[1] have
1104.2	1104.3	[1] this
1104.58	1105.02	[1] circue
1105.12	1105.56	[1] circuite
1105.6	1106.04	[1] boat
1106.22	1106.3	[4] and
1106.42	1106.6	[1] few
1106.66	1107.2	[1] electronic
1107.22	1107.72	[1] components
1107.82	1107.96	[4] like
1108.14	1108.22	[4] you
1108.32	1108.4	[4] can
1108.5	1108.66	[1] see
1108.82	1108.86	[1] a
1109.0	1109.58	[1] chip
1109.68	1110.02	[1] then
1110.24	1110.38	[1] which
1110.42	1110.56	[1] is
1110.6	1110.84	[1] having
1110.94	1111.28	[1] eighteen
1111.32	1112.04	[1] pence
1112.08	1112.16	[1] and
1112.3	1112.76	[1] also
1112.86	1113.44	[1] occupa
1113.46	1113.54	[1] a
1113.66	1114.64	[1] occapacity
1114.84	1115.08	[1] three
1115.12	1115.98	[1] resistars
1116.02	1116.12	[1] and
1116.36	1116.74	[1] also
1116.82	1117.92	[1] resonator
1117.96	1118.46	[1] of
1118.5	1120.7	[1] umyea
1120.74	1121.3	[1] andunde
1121.34	1121.82	[1] diod
1121.88	1123.64	[1] transcester
1124.08	1124.16	[3] the
1124.24	1124.74	[4] electronic
1124.78	1125.22	[1] components
1125.46	1125.6	[1] all
1125.62	1125.68	[1] of
1125.72	1125.8	[1] the
1125.88	1126.34	[1] electronic
1126.4	1126.78	[1] omponients
1126.86	1126.98	[4] have
1127.14	1127.3	[1] all
1127.32	1127.74	[1] thoser
1127.82	1128.08	[1] things
1128.1	1128.26	[1] like
1128.48	1128.74	[1] chip
1128.76	1129.08	[1] and
1129.68	1130.7	[1] diote
1130.96	1134.06	[1] transisterson
1134.12	1134.34	[3] yea
1134.38	1134.56	[1] de
1134.6	1135.02	[1] er
1135.56	1135.64	[4] you
1135.72	1135.8	[4] can
1135.92	1136.1	[1] see
1136.12	1136.44	[1] the
1136.58	1136.72	[1] t
1136.76	1137.3	[1] a
1137.38	1137.7	[1] double
1137.76	1138.0	[1] one
1138.1	1138.34	[1] eight
1138.38	1138.58	[1] three
1138.7	1138.96	[1] five
1139.06	1139.6	[1] labelled
1139.68	1140.04	[4] is
1140.12	1142.68	[1] im
1142.94	1143.02	[3] you
1143.08	1143.16	[4] can
1143.26	1143.5	[4] also
1143.54	1143.72	[1] see
1143.74	1143.82	[4] the
1144.58	1144.66	[1] the
1144.84	1145.38	[1] green
1145.48	1145.68	[1] two
1145.78	1146.04	[1] green
1146.08	1146.42	[1] things
1146.46	1146.84	[1] are
1147.4	1147.6	[1] these
1148.06	1148.18	[1] they
1148.2	1148.32	[1] are
1148.38	1149.2	[1] resistars
1149.42	1149.5	[4] and
1149.78	1150.0	[1] just
1150.02	1150.36	[1] besides
1150.42	1150.52	[1] that
1150.62	1150.7	[4] you
1150.76	1150.84	[4] can
1150.92	1151.08	[4] see
1151.2	1151.24	[1] a
1151.38	1152.38	[1] transistor
1152.42	1152.7	[1] under
1153.24	1153.28	[1] a
1153.54	1154.34	[1] cylindership
1154.88	1155.0	[4] that
1155.12	1155.22	[4] one
1155.32	1155.38	[4] is
1155.48	1155.52	[1] a
1155.72	1156.76	[1] capacityr
1157.24	1157.32	[3] and
1157.42	1157.7	[1] also
1157.72	1157.88	[1] there
1157.92	1158.1	[1] are
1158.36	1158.38	[1] 
1158.92	1158.94	[1] 
1159.0	1159.72	[1] resistors
1159.94	1160.24	[1] sorry
1160.62	1160.88	[1] thereis
1160.9	1160.94	[1] a
1161.0	1161.9	[1] diote
1162.06	1162.28	[1] hm
1162.32	1162.46	[1] can
1162.48	1162.58	[4] you
1162.64	1162.7	[1] go
1163.06	1163.26	[1] going
1163.26	1163.34	[1] to
1163.4	1163.48	[1] the
1163.52	1164.88	[1] next
1165.0	1165.14	[4] so
1165.42	1165.56	[1] this
1165.6	1165.66	[4] is
1165.76	1165.84	[1] the
1165.92	1166.32	[1] sircuit
1166.36	1166.58	[1] boad
1166.6	1166.68	[1] the
1166.76	1167.16	[1] greenone
1167.2	1167.26	[1] is
1167.34	1167.38	[1] a
1167.44	1167.86	[1] circuite
1167.9	1168.58	[1] board
1168.64	1168.98	[1] actually
1169.14	1169.18	[1] a
1169.24	1169.5	[1] building
1169.54	1169.58	[1] a
1169.66	1169.98	[1] cirtued
1170.02	1170.54	[1] bookboat
1170.58	1170.74	[1] is
1170.82	1171.24	[1] pretty
1171.32	1171.64	[1] pretty
1171.92	1172.2	[1] easy
1172.24	1172.32	[1] and
1172.4	1172.68	[1] also
1172.74	1172.84	[4] it's
1173.12	1173.36	[1] it's
1173.86	1174.84	[1] inexpensive
1175.3	1175.4	[4] it's
1175.62	1175.74	[4] it
1175.82	1176.1	[1] costs
1176.18	1176.4	[1] less
1176.42	1176.54	[1] than
1176.82	1176.96	[4] what
1177.02	1177.16	[4] you
1177.22	1177.4	[1] print
1177.46	1177.52	[3] on
1177.58	1177.62	[1] a
1177.7	1178.46	[1] paper
1178.48	1178.78	[1] because
1179.44	1179.54	[4] when
1179.64	1179.7	[3] ou
1179.8	1179.9	[4] when
1179.96	1180.04	[1] you
1180.08	1180.2	[1] are
1180.22	1180.52	[1] building
1180.68	1180.72	[1] a
1180.8	1181.76	[1] some
1181.9	1182.58	[1] circuts
1182.6	1183.12	[1] some
1183.22	1183.76	[1] executes
1183.78	1183.86	[1] and
1184.0	1184.34	[1] also
1184.4	1184.74	[1] wires
1185.14	1185.28	[4] it's
1185.34	1185.62	[1] better
1185.68	1185.76	[4] to
1186.18	1186.38	[1] go
1186.42	1186.56	[1] for
1186.7	1187.42	[1] printing
1187.46	1187.72	[1] because
1187.92	1188.02	[4] you
1188.08	1188.18	[4] can
1188.32	1188.54	[1] build
1188.76	1188.94	[1] these
1189.02	1189.22	[1] kind
1189.24	1189.3	[1] of
1189.88	1190.26	[1] circuit
1190.32	1190.62	[1] boats
1190.74	1190.78	[4] o
1191.06	1191.18	[4] on
1191.22	1191.28	[1] a
1191.38	1191.94	[1] bulk
1191.98	1192.06	[4] and
1192.14	1192.3	[4] it's
1192.38	1192.56	[4] just
1192.68	1193.08	[1] printing
1193.12	1193.56	[1] nothing
1193.78	1193.96	[1] like
1193.98	1194.02	[1] o
1194.12	1194.2	[1] you
1194.24	1194.34	[2] know
1194.42	1194.6	[2] you
1194.72	1194.86	[1] don't
1194.88	1195.02	[1] need
1195.04	1195.1	[4] to
1195.18	1195.34	[4] use
1195.42	1195.7	[1] wiets
1195.72	1195.84	[1] and
1195.9	1196.04	[1] all
1196.08	1196.24	[1] it's
1196.3	1196.38	[4] not
1196.6	1197.02	[1] exactly
1197.14	1197.44	[1] wires
1197.48	1197.58	[1] we
1197.62	1197.74	[1] are
1197.8	1198.28	[1] using
1198.44	1198.6	[1] it's
1198.66	1198.8	[4] just
1198.98	1199.44	[1] printing
1199.68	1200.1	[1] something
1200.12	1200.24	[1] on
1200.3	1200.34	[1] a
1200.44	1201.24	[1] board
1201.36	1201.5	[4] that
1201.62	1201.78	[4] though
1201.92	1202.12	[4] those
1202.22	1202.5	[1] prince
1202.52	1202.72	[1] will
1202.78	1203.06	[4] acte
1203.12	1203.36	[1] act
1203.4	1203.5	[1] as
1203.66	1204.16	[1] wires
1204.2	1204.58	[1] and
1204.62	1206.64	[1] executes
1206.76	1206.94	[3] so
1207.2	1207.32	[4] that
1207.5	1207.82	[4] green
1207.88	1208.16	[1] owu
1208.2	1208.36	[1] thing
1208.52	1208.6	[4] is
1208.7	1208.74	[1] a
1208.8	1209.16	[1] sircuit
1209.2	1209.68	[1] boat
1209.76	1209.84	[3] and
1209.92	1210.14	[1] also
1210.18	1210.26	[4] you
1210.32	1210.4	[1] can
1210.52	1211.1	[1] see
1211.28	1211.32	[1] a
1211.66	1212.26	[1] bia
1212.32	1212.56	[1] like
1212.64	1212.68	[3] o
1212.92	1212.98	[1] of
1213.7	1214.24	[1] axcessford
1214.26	1214.94	[1] buttons
1215.06	1215.16	[4] like
1215.34	1215.48	[1] when
1215.5	1215.64	[1] yu
1215.7	1215.96	[1] pressed
1216.18	1216.22	[1] a
1216.28	1217.02	[1] button
1217.16	1217.24	[4] the
1217.54	1218.28	[1] circuit
1218.36	1218.62	[1] under
1218.66	1218.74	[1] the
1218.8	1219.28	[1] button
1219.3	1219.48	[1] will
1219.54	1219.62	[4] be
1219.8	1220.34	[1] activated
1220.68	1220.74	[4] it
1220.82	1220.94	[4] will
1221.16	1221.26	[1] it
1221.3	1221.44	[1] will
1221.98	1222.06	[4] get
1222.22	1222.32	[4] some
1222.44	1222.84	[1] signals
1222.92	1223.1	[1] from
1223.14	1223.66	[1] it
1223.7	1223.84	[1] and
1223.88	1223.98	[1] it
1224.0	1224.26	[1] will
1224.44	1224.56	[1] it
1224.6	1225.88	[1] alh
1225.9	1226.22	[1] centr
1226.22	1226.68	[1] signal
1226.72	1227.08	[1] signals
1227.1	1227.26	[1] to
1227.26	1227.34	[1] the
1228.18	1228.66	[1] integrated
1228.76	1229.12	[1] sercuti
1229.2	1229.4	[1] being
1229.42	1229.46	[1] a
1229.48	1229.64	[1] good
1229.66	1229.74	[1] of
1229.76	1229.84	[1] an
1229.88	1231.24	[1] exe
1231.28	1231.7	[1] oso
1231.76	1231.86	[4] this
1231.94	1232.0	[4] is
1232.12	1232.28	[1] these
1232.32	1232.44	[1] are
1232.46	1232.56	[1] the
1232.62	1233.36	[1] circuiter
1233.38	1233.56	[1] and
1233.64	1234.08	[1] underneath
1234.1	1234.2	[1] the
1234.36	1235.1	[1] buttons
1235.3	1235.36	[4] eh
1235.52	1235.66	[1] can
1235.68	1235.76	[1] you
1235.84	1235.98	[1] see
1236.0	1236.08	[1] the
1236.24	1236.8	[1] black
1236.92	1237.3	[1] round
1237.42	1237.74	[1] monks
1237.8	1238.06	[1] thel
1238.06	1238.2	[1] they
1238.22	1238.34	[1] are
1238.36	1238.44	[1] the
1238.48	1241.14	[1] circutes
1241.18	1241.46	[2] and
1241.52	1242.84	[1] uh
1242.88	1243.04	[1] like
1243.52	1243.68	[1] we
1243.72	1244.06	[1] have
1244.18	1244.62	[1] designed
1244.92	1245.22	[1] before
1245.26	1245.4	[1] we
1245.42	1245.54	[1] have
1245.64	1245.94	[1] seen
1246.02	1246.16	[1] some
1246.36	1246.4	[1] a
1246.92	1247.1	[1] few
1247.14	1247.36	[1] things
1247.48	1247.6	[4] like
1248.02	1248.34	[1] instead
1248.36	1248.42	[1] of
1248.56	1248.88	[1] buttons
1249.02	1249.18	[1] we
1249.22	1249.36	[1] hade
1249.44	1249.62	[4] some
1249.82	1250.7	[1] scrolls
1250.84	1250.92	[4] er
1251.6	1251.68	[4] but
1251.86	1251.9	[1] u
1252.08	1252.12	[1] a
1252.18	1252.72	[1] pushputtan
1252.76	1253.12	[1] requires
1253.26	1253.3	[1] a
1253.4	1253.74	[1] simple
1253.8	1254.04	[1] ship
1254.08	1254.52	[1] underneath
1254.54	1254.62	[4] it
1254.84	1254.92	[1] but
1255.02	1255.34	[1] whereas
1255.42	1255.46	[1] a
1255.62	1255.94	[1] scrorl
1256.0	1256.24	[1] wheel
1256.28	1256.66	[1] requires
1256.8	1257.2	[1] normally
1257.3	1257.34	[1] a
1257.44	1257.86	[1] regular
1257.92	1258.08	[1] ship
1258.2	1258.34	[1] which
1258.38	1258.44	[1] is
1258.52	1258.56	[1] a
1258.64	1258.94	[1] higher
1259.02	1259.28	[1] price
1259.36	1259.72	[1] range
1259.88	1259.96	[1] and
1260.0	1260.16	[1] tek
1260.2	1260.4	[1] or
1260.46	1260.7	[1] scoop
1260.72	1260.98	[1] rules
1261.0	1261.14	[1] we
1261.16	1261.28	[1] have
1261.34	1261.4	[3] to
1261.48	1261.58	[4] go
1261.62	1261.72	[1] for
1261.82	1261.86	[1] a
1262.36	1263.12	[1] sophisticated
1263.88	1263.9	[1] 
1264.82	1265.1	[1] full
1265.22	1265.28	[3] of
1265.38	1265.76	[1] complete
1265.8	1266.5	[1] ship
1267.02	1267.1	[4] and
1267.46	1267.52	[3] as
1267.64	1268.08	[1] energies
1268.12	1268.38	[1] o
1268.4	1268.54	[1] we
1268.6	1268.86	[4] offer
1268.9	1268.94	[1] a
1269.02	1269.34	[1] basic
1269.5	1270.22	[1] battery
1270.48	1270.52	[1] a
1270.7	1270.9	[1] mole
1270.92	1271.44	[1] ingenes
1271.58	1271.62	[1] a
1271.76	1272.0	[1] hard
1272.06	1273.06	[1] dynamore
1273.12	1273.62	[1] um
1274.4	1274.44	[1] a
1274.54	1274.94	[1] kindic
1274.98	1275.4	[1] provision
1275.42	1275.5	[1] of
1275.76	1276.5	[1] energy
1276.68	1277.0	[1] modern
1277.02	1277.34	[1] wotchis
1277.36	1277.46	[4] that
1277.54	1277.66	[4] you
1277.72	1277.96	[4] say
1278.12	1278.54	[1] casually
1278.58	1278.64	[1] to
1278.76	1279.06	[1] provide
1279.14	1279.56	[1] energy
1279.72	1279.8	[3] so
1279.96	1280.06	[4] with
1280.12	1280.26	[1] that
1280.3	1280.52	[1] also
1280.6	1280.68	[1] we
1280.72	1280.86	[1] can
1280.94	1281.08	[1] have
1281.12	1281.2	[4] in
1281.26	1281.32	[1] a
1281.38	1281.94	[1] battery
1282.9	1282.96	[3] or
1283.18	1283.28	[1] we
1283.3	1283.48	[1] can
1283.5	1283.68	[1] you
1283.72	1283.94	[1] soul
1283.98	1285.32	[1] ourselves
1285.38	1285.84	[0] la
1285.84	1286.06	[0] that's
1286.1	1287.3	[0] interesting
1287.32	1289.76	[1] yeah
1289.96	1290.02	[3] ah
1290.12	1290.24	[4] yea
1290.38	1290.44	[4] at
1290.48	1290.56	[1] the
1290.62	1290.94	[1] product
1290.96	1291.1	[1] can
1291.12	1291.18	[1] be
1291.62	1292.02	[1] delivered
1292.06	1292.24	[1] into
1292.32	1292.66	[1] different
1292.74	1293.42	[1] cases
1293.94	1294.24	[1] usually
1294.36	1294.44	[4] the
1294.58	1294.78	[1] case
1294.8	1294.92	[1] is
1295.08	1295.64	[1] uncaved
1295.78	1296.34	[1] flat
1296.62	1296.72	[4] that
1297.14	1297.32	[1] we
1297.36	1297.58	[1] see
1297.64	1298.46	[1] usually
1299.3	1299.64	[1] normal
1299.64	1300.0	[1] remote
1300.04	1301.14	[1] controller
1301.18	1303.56	[1] muam
1303.6	1303.94	[2] yea
1304.06	1304.22	[1] an
1304.22	1304.36	[2] you
1304.36	1304.48	[2] have
1304.52	1304.62	[2] more
1304.7	1305.02	[2] pictures
1305.44	1305.56	[2] wa
1305.58	1305.7	[2] have
1305.8	1305.98	[2] five
1306.02	1306.32	[2] minutes
1306.36	1306.46	[2] to
1306.48	1306.58	[2] the
1306.6	1307.42	[2] enae
1307.92	1308.08	[1] i
1308.1	1308.24	[1] have
1308.3	1308.46	[4] just
1308.56	1308.7	[1] one
1308.74	1308.92	[1] more
1308.98	1309.26	[1] slide
1309.3	1309.4	[1] i
1309.44	1310.28	[1] think
1310.34	1311.96	[1] um
1312.12	1312.24	[3] like
1312.34	1312.44	[4] we
1312.48	1312.64	[1] can
1312.7	1312.88	[4] have
1312.96	1313.0	[1] o
1313.34	1313.78	[1] material
1313.78	1313.94	[1] such
1313.98	1314.04	[1] as
1314.2	1314.56	[1] plastic
1314.64	1314.96	[1] rubble
1315.0	1315.34	[1] wood
1315.44	1315.82	[1] tightan
1315.84	1315.96	[1] in
1315.96	1316.1	[1] but
1316.12	1316.66	[1] titanium
1316.68	1316.82	[1] we
1316.84	1317.04	[1] can
1317.06	1317.12	[1] to
1317.24	1317.8	[1] use
1318.14	1318.2	[3] um
1318.74	1318.82	[3] and
1318.94	1319.18	[1] also
1319.24	1319.32	[3] for
1319.48	1320.06	[1] electronics
1320.14	1320.2	[4] we
1320.26	1320.34	[4] can
1320.64	1320.78	[4] use
1320.84	1320.88	[1] a
1321.0	1321.44	[1] simple
1321.5	1321.58	[4] and
1321.72	1322.4	[1] regular
1322.44	1322.78	[1] a
1323.62	1323.72	[4] or
1323.78	1323.84	[4] an
1323.92	1324.28	[1] advanced
1324.5	1324.72	[1] ship
1324.76	1324.84	[4] on
1324.9	1325.0	[1] the
1325.1	1325.7	[1] print
1325.9	1325.94	[1] o
1326.56	1326.8	[1] also
1326.84	1326.94	[1] in
1326.98	1327.18	[1] fro
1327.22	1327.3	[4] it
1327.44	1327.78	[4] includes
1327.98	1328.48	[1] infrared
1328.5	1328.7	[1] st
1328.74	1329.7	[1] ascendal
1329.82	1329.88	[3] um
1330.7	1331.06	[1] nean
1331.06	1331.12	[1] th
1331.22	1331.44	[1] earn
1331.46	1331.62	[1] fror
1331.64	1331.76	[1] the
1331.82	1332.06	[1] movie
1332.08	1332.44	[1] jestin
1332.44	1332.6	[1] should
1332.66	1333.08	[1] develop
1333.24	1333.28	[1] a
1333.5	1333.84	[1] sample
1333.9	1334.38	[1] censorous
1334.44	1334.96	[1] peak
1335.08	1335.46	[1] sample
1335.48	1337.62	[1] speaker
1337.66	1337.9	[2] yeah
1337.9	1338.1	[1] that's
1338.14	1339.14	[1] it
1339.18	1340.26	[1] toyno
1340.3	1340.6	[1] owcam
1340.62	1340.66	[2] i
1340.74	1340.94	[2] thank
1340.96	1342.38	[2] you
1342.56	1342.82	[3] any
1342.96	1343.42	[2] particular
1343.46	1344.08	[2] comments
1344.14	1345.02	[2] by
1345.1	1346.46	[2] anybody
1346.52	1346.58	[3] o
1346.86	1347.18	[0] ion
1347.18	1347.28	[0] the
1347.36	1347.6	[0] scroll
1347.62	1347.68	[0] in
1347.72	1347.8	[0] the
1347.84	1348.9	[0] pushbutton
1348.94	1349.24	[0] um
1349.64	1349.76	[4] can't
1349.82	1349.98	[0] you
1350.02	1350.16	[0] cen
1350.18	1350.24	[0] a
1350.3	1350.6	[0] chief
1350.64	1351.1	[0] sgrirling
1351.14	1351.36	[0] by
1351.4	1351.94	[0] repeatedly
1351.98	1352.24	[0] pushing
1352.28	1352.32	[0] a
1352.36	1353.46	[0] button
1353.5	1353.98	[1] n
1354.24	1354.28	[1] t
1354.52	1354.68	[1] this
1354.82	1355.16	[1] crawling
1355.18	1355.32	[1] was
1355.44	1355.48	[1] a
1355.54	1355.94	[1] different
1355.96	1356.12	[1] like
1356.2	1356.32	[1] you
1356.34	1356.5	[1] can
1356.52	1356.68	[1] go
1356.7	1356.88	[1] fer
1357.34	1357.74	[1] switches
1357.78	1357.98	[1] lege
1358.0	1358.44	[1] buttons
1358.5	1358.66	[1] or
1358.78	1359.64	[1] scruols
1360.08	1360.2	[4] which
1360.34	1360.46	[4] which
1360.58	1360.66	[4] we
1360.78	1360.96	[1] used
1361.0	1361.06	[1] to
1361.12	1361.24	[1] do
1361.48	1361.76	[1] before
1361.82	1362.04	[1] ten
1362.06	1362.24	[1] ten
1362.26	1362.48	[1] years
1362.52	1362.78	[1] before
1362.86	1362.9	[4] i
1363.0	1363.14	[4] think
1363.3	1363.38	[4] now
1363.74	1364.08	[1] nobody
1364.16	1364.4	[1] uses
1364.46	1364.52	[4] it
1364.6	1364.88	[1] because
1364.92	1365.02	[1] you
1365.06	1365.2	[1] need
1365.26	1365.52	[1] unit
1365.54	1365.68	[1] of
1365.72	1365.86	[1] a
1365.94	1366.36	[1] cor
1366.44	1367.18	[1] sophisticated
1367.24	1367.4	[1] chip
1367.42	1367.58	[1] and
1367.62	1367.8	[1] all
1367.86	1368.02	[4] so
1368.1	1368.2	[1] i
1368.22	1368.38	[1] thing
1368.42	1368.54	[1] its
1368.58	1369.04	[1] bitterbe
1369.06	1369.5	[1] goford
1369.7	1369.74	[1] a
1370.06	1370.68	[1] paortinaty
1370.7	1370.98	[1] button
1371.04	1371.24	[0] woll
1371.26	1371.38	[0] just
1371.4	1371.58	[0] go
1371.58	1371.92	[0] forplish
1371.94	1372.3	[0] buttons
1372.32	1372.58	[0] for
1372.62	1372.68	[4] in
1372.78	1372.86	[0] the
1373.14	1373.5	[0] interest
1373.52	1373.64	[0] of
1373.68	1374.92	[0] co
1374.96	1375.06	[1] we
1375.12	1375.32	[2] don't
1375.36	1375.46	[2] have
1375.5	1375.54	[4] a
1375.6	1375.72	[4] lot
1375.74	1375.8	[2] of
1375.92	1376.14	[2] time
1376.18	1376.36	[2] left
1376.44	1376.52	[4] and
1376.58	1376.68	[1] we
1376.72	1376.88	[1] will
1376.96	1377.12	[4] still
1377.18	1377.28	[2] have
1377.32	1377.38	[4] to
1377.44	1377.54	[2] make
1377.6	1377.64	[2] a
1377.7	1378.04	[2] decision
1378.08	1378.14	[2] at
1378.18	1378.26	[2] the
1378.3	1378.66	[2] marketing
1378.76	1379.28	[2] exmert
1379.34	1379.52	[2] has
1379.56	1379.62	[2] to
1379.72	1380.1	[2] present
1380.24	1381.04	[0] her
1381.06	1381.68	[0] so
1381.72	1382.68	[0] eronfers
1382.84	1382.9	[4] my
1382.96	1383.16	[0] next
1383.2	1383.74	[0] lot
1383.96	1386.38	[2] aquai
1386.44	1387.34	[3] um
1387.86	1387.92	[0] my
1388.04	1388.36	[4] method
1388.94	1389.0	[0] is
1390.04	1390.14	[3] i'm
1390.22	1390.56	[4] interested
1390.6	1390.66	[0] in
1390.72	1390.84	[0] what
1390.86	1390.94	[0] the
1391.0	1391.46	[0] competition
1391.48	1391.56	[0] is
1391.62	1392.34	[0] doing
1392.56	1392.64	[4] and
1393.16	1393.32	[0] want
1393.32	1393.44	[0] to
1393.5	1393.62	[4] see
1393.7	1393.78	[4] how
1393.88	1393.94	[4] we
1394.0	1394.08	[3] can
1394.16	1394.26	[4] make
1394.32	1394.64	[0] ourselves
1394.68	1394.94	[0] different
1394.98	1395.08	[0] from
1395.12	1395.2	[0] the
1395.28	1395.8	[0] competition
1395.96	1396.02	[3] so
1396.76	1397.04	[4] i've
1397.12	1397.4	[0] really
1397.54	1397.96	[0] been
1398.12	1398.4	[0] looking
1398.46	1398.52	[3] at
1398.62	1398.7	[3] the
1398.82	1399.16	[0] press
1399.22	1399.3	[4] and
1399.38	1399.46	[4] the
1399.56	1399.8	[0] ads
1399.84	1399.96	[0] that
1400.0	1400.08	[0] are
1400.12	1400.2	[4] out
1400.26	1400.38	[4] there
1400.5	1400.58	[3] for
1400.68	1400.86	[0] other
1400.88	1401.18	[0] remote
1401.22	1401.98	[0] controllers
1402.28	1402.32	[0] i
1402.5	1402.54	[0] s
1402.7	1402.74	[0] i
1403.2	1403.38	[0] spend
1403.44	1403.48	[4] a
1403.5	1403.62	[4] lot
1403.64	1403.7	[4] of
1403.78	1403.9	[4] time
1404.0	1404.06	[0] on
1404.1	1404.18	[0] the
1404.24	1404.6	[0] internet
1404.88	1404.94	[3] um
1405.48	1405.82	[0] suffing
1405.86	1406.08	[0] around
1406.5	1406.7	[0] doing
1406.72	1406.8	[0] the
1406.86	1407.08	[0] same
1407.12	1407.72	[0] thing
1407.9	1407.98	[3] and
1408.04	1408.14	[4] then
1408.24	1408.4	[0] when
1408.44	1408.58	[0] i'm
1408.62	1408.96	[0] out
1409.08	1409.14	[3] um
1409.78	1409.88	[0] if
1409.92	1410.24	[0] peopl's
1410.28	1410.66	[0] houses
1410.92	1411.0	[4] or
1411.12	1411.18	[4] at
1411.28	1411.7	[0] meetings
1411.92	1411.98	[4] or
1412.22	1412.48	[0] anything
1412.58	1412.68	[4] like
1412.76	1412.88	[4] that
1413.44	1413.54	[4] i
1413.6	1413.76	[0] try
1413.78	1413.84	[0] to
1413.96	1414.24	[0] notice
1414.3	1414.42	[4] what
1414.48	1414.58	[0] kind
1414.6	1414.66	[0] of
1414.7	1415.04	[0] remert
1415.08	1415.42	[0] controls
1415.5	1415.72	[0] people
1415.84	1416.44	[0] have
1416.6	1416.68	[4] and
1416.8	1416.86	[3] if
1416.94	1417.06	[0] it's
1417.1	1417.46	[0] convenient
1417.48	1417.54	[0] in
1417.56	1417.64	[0] the
1417.68	1418.14	[0] conversation
1418.18	1418.24	[0] i
1418.34	1418.5	[0] ask
1418.52	1418.68	[0] about
1418.72	1418.78	[0] it
1418.82	1418.9	[0] and
1418.92	1418.98	[0] i
1419.0	1419.16	[0] would
1419.2	1419.54	[0] encourage
1419.54	1419.64	[0] you
1419.68	1419.82	[0] all
1419.84	1419.9	[3] to
1419.98	1420.04	[4] do
1420.1	1420.18	[0] the
1420.24	1421.42	[0] same
1421.56	1421.82	[4] um
1422.46	1422.54	[4] and
1422.96	1423.02	[3] my
1423.16	1423.56	[0] findings
1423.6	1423.7	[4] from
1423.78	1423.88	[4] this
1424.02	1424.08	[4] is
1424.22	1424.32	[0] that
1424.68	1424.76	[0] you
1424.78	1424.88	[0] know
1425.06	1425.32	[0] small
1425.34	1425.46	[0] is
1425.52	1426.78	[0] beautiful
1426.88	1427.02	[4] um
1427.24	1427.46	[0] people
1427.5	1427.62	[0] like
1427.68	1427.92	[0] something
1427.96	1428.06	[0] that
1428.16	1428.38	[0] really
1428.42	1428.6	[0] fits
1428.68	1428.74	[4] in
1428.82	1429.0	[0] their
1429.06	1429.92	[0] hand
1430.26	1430.58	[0] simple
1430.6	1430.74	[0] is
1430.8	1431.28	[0] beautiful
1431.42	1431.54	[4] they
1431.66	1431.88	[0] don't
1432.08	1432.28	[4] want
1432.4	1432.46	[4] to
1432.66	1432.76	[4] have
1432.88	1432.94	[3] to
1433.12	1433.4	[0] squint
1433.48	1433.56	[4] at
1433.72	1433.98	[0] small
1434.06	1434.56	[0] print
1434.62	1435.4	[0] um
1435.44	1435.6	[0] they
1435.64	1435.8	[0] want
1435.86	1436.18	[0] buttons
1436.38	1436.58	[4] whose
1436.68	1437.06	[0] functions
1437.1	1437.18	[0] are
1437.36	1438.3	[0] obvious
1438.34	1438.42	[0] and
1438.46	1438.64	[0] they
1438.66	1438.96	[0] want
1439.04	1439.28	[4] um
1439.34	1439.42	[4] as
1439.52	1439.7	[0] few
1439.74	1440.08	[0] buttons
1440.14	1440.24	[4] as
1440.38	1440.96	[0] possible
1441.14	1441.22	[4] and
1441.28	1441.38	[4] they
1441.46	1441.6	[4] don't
1441.92	1442.12	[0] care
1442.16	1442.24	[4] for
1442.3	1442.38	[0] the
1442.46	1442.74	[0] mode
1442.76	1443.48	[0] thing
1443.52	1443.62	[4] they
1443.72	1443.96	[4] want
1444.1	1444.28	[0] each
1444.32	1444.62	[0] button
1444.64	1444.7	[3] to
1444.78	1444.84	[0] do
1444.98	1445.5	[0] something
1445.54	1445.6	[0] an
1445.74	1445.92	[0] i
1445.96	1446.24	[0] catching
1446.28	1446.38	[0] is
1446.4	1446.72	[0] important
1446.76	1446.92	[0] it's
1446.94	1447.04	[0] got
1447.04	1447.12	[0] to
1447.2	1447.38	[0] look
1447.44	1447.62	[0] cute
1447.8	1447.98	[0] it's
1448.0	1448.26	[0] gotta
1448.42	1448.62	[0] look
1448.64	1449.2	[0] appealin
1449.22	1449.34	[0] go
1449.34	1449.5	[0] ahead
1449.58	1449.68	[4] i'm
1449.74	1449.92	[0] trying
1449.94	1450.0	[0] to
1450.04	1450.28	[0] finish
1450.3	1450.48	[0] fast
1450.5	1450.66	[0] for
1450.68	1451.42	[0] you
1451.48	1452.78	[0] um
1452.82	1452.96	[0] and
1453.42	1453.6	[4] our
1453.7	1454.22	[0] preferences
1454.34	1454.4	[4] as
1454.5	1454.66	[0] far
1454.7	1454.76	[4] as
1454.88	1455.0	[4] i'm
1455.08	1455.56	[0] concernader
1455.6	1455.74	[0] we've
1455.74	1455.86	[0] got
1455.86	1455.94	[0] to
1455.98	1456.06	[3] get
1456.12	1456.18	[0] to
1456.24	1456.32	[0] the
1456.34	1456.64	[0] market
1456.66	1456.92	[0] before
1456.98	1457.06	[4] the
1457.12	1457.64	[0] competition
1457.84	1458.06	[0] ours
1458.08	1458.18	[3] has
1458.24	1458.3	[0] to
1458.38	1458.96	[0] be
1459.14	1459.36	[0] look
1459.4	1459.64	[0] really
1459.68	1459.9	[0] great
1460.0	1460.08	[4] and
1460.16	1460.22	[4] it
1460.32	1460.56	[0] has
1460.76	1460.82	[3] to
1461.0	1461.16	[0] come
1461.2	1461.44	[0] out
1461.56	1461.92	[0] before
1462.02	1462.1	[0] the
1462.14	1462.34	[0] other
1462.42	1462.48	[4] so
1462.54	1462.64	[4] that
1462.7	1462.76	[4] we
1462.82	1462.92	[0] have
1462.96	1463.0	[0] a
1463.04	1463.24	[0] leg
1463.26	1463.42	[0] up
1463.46	1463.54	[0] on
1463.72	1463.92	[0] time
1464.08	1464.14	[4] to
1464.28	1464.46	[0] sell
1464.5	1464.56	[4] it
1464.64	1464.72	[0] and
1464.8	1465.0	[0] push
1465.04	1465.1	[0] it
1465.26	1465.54	[0] before
1465.72	1465.92	[0] other
1465.96	1466.2	[0] people
1466.26	1466.36	[4] get
1466.44	1466.54	[4] out
1466.7	1466.86	[4] there
1466.94	1467.34	[0] christmas
1467.4	1468.4	[0] item
1468.5	1468.6	[4] and
1469.02	1469.1	[4] we
1469.16	1469.32	[4] should
1469.38	1469.74	[0] develop
1469.86	1469.98	[0] one
1470.02	1470.08	[4] or
1470.18	1470.36	[4] two
1470.42	1470.76	[0] features
1470.84	1470.9	[4] we
1470.98	1471.08	[0] can
1471.18	1471.44	[4] really
1471.56	1471.82	[0] dwell
1471.88	1471.94	[4] on
1472.08	1472.14	[4] in
1472.24	1472.34	[4] our
1472.4	1472.6	[4] ad
1472.68	1473.34	[0] campaign
1473.5	1473.56	[3] if
1473.64	1473.7	[4] we
1473.82	1473.96	[4] try
1474.02	1474.08	[3] to
1474.48	1474.62	[4] tell
1474.72	1474.9	[0] people
1474.98	1475.04	[4] it
1475.12	1475.22	[4] has
1475.32	1475.48	[4] too
1475.54	1475.74	[4] many
1475.84	1476.08	[0] great
1476.14	1477.16	[0] features
1477.28	1477.42	[4] um
1477.6	1477.68	[4] the
1477.76	1478.18	[0] consumer
1478.18	1478.34	[0] just
1478.38	1478.54	[0] gets
1478.64	1479.1	[0] confused
1479.22	1479.3	[4] and
1479.4	1479.48	[4] we
1479.54	1479.72	[0] don't
1479.74	1479.82	[0] get
1479.94	1480.22	[0] anywhere
1480.24	1480.3	[0] so
1480.36	1480.58	[0] we've
1480.6	1480.7	[0] got
1480.7	1481.2	[0] to
1481.26	1481.6	[0] narrow
1481.62	1481.78	[0] our
1481.8	1482.24	[0] selection
1482.28	1482.44	[0] down
1482.46	1483.26	[0] to
1483.34	1483.54	[0] two
1483.58	1483.84	[0] things
1483.9	1483.94	[4] i
1484.02	1484.14	[4] think
1484.24	1484.34	[3] that
1484.4	1484.56	[0] we're
1484.58	1484.7	[0] going
1484.7	1484.76	[4] to
1484.82	1484.9	[4] say
1485.1	1485.2	[4] are
1485.36	1485.64	[4] really
1485.72	1485.94	[0] great
1485.96	1486.16	[0] about
1486.28	1486.36	[4] our
1486.82	1486.84	[4] 
1487.06	1487.18	[4] our
1487.26	1487.44	[4] new
1487.5	1488.64	[0] product
1488.74	1488.82	[4] and
1489.46	1489.62	[0] i've
1489.64	1489.78	[0] been
1489.82	1490.04	[0] looking
1490.12	1490.3	[4] round
1490.58	1490.64	[4] um
1491.0	1491.06	[4] at
1491.3	1491.46	[4] what
1491.68	1492.12	[0] designs
1492.26	1492.48	[0] every
1492.52	1492.68	[0] year
1493.2	1493.52	[0] different
1493.54	1493.72	[0] things
1493.78	1493.86	[4] are
1493.96	1494.62	[0] popular
1494.78	1494.86	[3] and
1494.94	1495.0	[4] in
1495.1	1495.16	[4] my
1495.26	1495.6	[0] research
1495.66	1495.76	[4] this
1495.84	1495.96	[4] year
1496.04	1496.08	[0] i
1496.16	1496.32	[0] found
1496.38	1496.46	[4] out
1496.52	1496.62	[4] that
1496.76	1496.96	[0] fruit
1496.98	1497.06	[0] and
1497.18	1497.64	[0] vegetable
1497.7	1497.92	[0] shapes
1497.98	1498.06	[4] are
1498.14	1498.4	[0] really
1498.46	1499.28	[0] popular
1499.42	1499.54	[4] and
1499.62	1499.82	[0] people
1499.86	1499.98	[0] are
1500.08	1500.3	[4] tired
1500.42	1500.48	[4] of
1500.7	1500.98	[0] hard
1501.1	1501.62	[0] plastic
1501.74	1501.82	[4] and
1502.06	1502.32	[0] hard
1502.38	1503.2	[0] metal
1503.22	1503.56	[0] they're
1504.02	1504.26	[0] more
1504.3	1504.54	[0] back
1504.56	1504.9	[0] into
1505.1	1505.4	[0] soft
1505.46	1505.82	[0] field
1505.9	1506.32	[0] spongy
1506.38	1506.76	[0] feeling
1506.8	1507.4	[0] things
1507.48	1507.72	[0] things
1507.74	1507.94	[0] with
1507.96	1508.2	[0] maybe
1508.22	1508.26	[4] a
1508.32	1508.52	[4] little
1508.64	1508.94	[0] cloth
1508.98	1509.14	[0] on
1509.16	1509.5	[0] them
1509.86	1509.92	[3] so
1510.18	1510.3	[4] those
1510.38	1510.46	[4] are
1510.52	1510.7	[0] things
1510.78	1510.98	[0] maye
1511.0	1511.06	[1] we
1511.16	1511.28	[1] want
1511.28	1511.36	[4] to
1511.42	1511.58	[4] look
1511.64	1511.7	[4] at
1512.06	1512.14	[4] as
1512.28	1512.46	[4] far
1512.48	1512.54	[0] as
1513.24	1513.96	[0] sailability
1514.02	1514.08	[3] of
1514.14	1514.22	[4] the
1514.3	1517.06	[0] item
1517.18	1518.24	[3] okay
1518.3	1519.02	[2] uh
1520.02	1521.9	[4] that
1522.02	1522.42	[2] concludes
1522.46	1522.54	[3] the
1522.58	1523.12	[2] presentation
1523.16	1523.22	[2] of
1523.32	1523.54	[2] every
1523.58	1524.8	[2] one
1524.96	1525.08	[4] and
1525.72	1525.82	[4] what
1525.94	1526.0	[4] we
1526.1	1526.3	[4] really
1526.38	1526.48	[4] have
1526.54	1526.6	[3] to
1526.76	1527.16	[2] decide
1527.18	1527.24	[4] in
1527.36	1527.46	[2] this
1527.8	1528.66	[2] meeting
1528.74	1529.46	[2] is
1529.82	1529.88	[3] um
1530.56	1530.64	[4] the
1530.76	1531.2	[2] concept
1531.24	1531.3	[2] of
1531.36	1531.44	[2] the
1531.48	1533.62	[2] remote
1533.72	1534.6	[3] and
1534.68	1536.18	[2] er
1536.78	1537.14	[2] so
1537.3	1537.52	[2] what
1537.66	1537.74	[2] do
1537.82	1537.9	[3] we
1537.98	1538.58	[4] think
1538.98	1539.06	[2] on
1539.12	1539.2	[4] the
1539.34	1540.82	[4] concept
1541.12	1541.3	[2] of
1541.3	1541.42	[2] the
1541.44	1545.02	[2] remote
1545.14	1545.26	[3] you
1545.3	1545.44	[0] want
1545.44	1545.54	[0] to
1545.62	1545.78	[0] try
1545.82	1545.88	[0] to
1546.12	1546.26	[0] come
1546.3	1546.42	[0] back
1546.5	1546.56	[3] to
1546.64	1547.04	[0] yours
1547.08	1547.16	[5] and
1547.64	1547.68	[5] i
1547.8	1548.16	[5] yen
1548.18	1548.46	[5] haveit
1548.48	1548.66	[5] like
1548.68	1548.74	[5] to
1548.84	1549.18	[5] include
1549.28	1549.38	[4] this
1549.52	1549.82	[5] feature
1549.86	1549.98	[5] which
1550.04	1550.12	[4] is
1550.18	1550.38	[5] called
1550.4	1550.54	[5] his
1550.62	1550.86	[5] voice
1550.98	1553.58	[5] recognizer
1553.64	1556.08	[2] mhm
1556.22	1556.34	[2] so
1556.5	1556.78	[3] speech
1556.8	1557.38	[3] recognition
1557.42	1557.5	[0] is
1557.62	1557.84	[0] most
1557.9	1558.28	[0] important
1558.36	1558.42	[4] as
1558.5	1558.62	[0] far
1558.64	1558.72	[0] as
1558.76	1558.9	[0] are
1558.96	1559.56	[0] concerned
1559.98	1560.08	[4] this
1560.2	1560.34	[5] could
1560.42	1560.5	[4] be
1560.6	1560.64	[4] a
1560.86	1561.02	[4] one
1561.16	1561.46	[5] feature
1561.48	1561.6	[5] which
1561.74	1561.94	[5] could
1561.98	1562.1	[5] be
1562.16	1562.76	[0] syllable
1562.8	1563.42	[0] yallec
1563.46	1563.56	[0] i
1563.56	1563.74	[0] could
1563.78	1564.1	[0] bete
1564.12	1564.24	[0] be
1564.28	1564.42	[0] our
1564.54	1564.82	[0] star
1564.88	1565.2	[0] feature
1565.28	1565.38	[4] that
1565.48	1565.58	[4] that
1565.68	1565.86	[0] won't
1565.9	1565.96	[0] be
1566.08	1566.3	[0] really
1566.32	1566.54	[0] good
1566.62	1566.72	[4] yeah
1567.22	1567.26	[0] i
1567.34	1567.54	[0] agree
1567.56	1567.68	[0] with
1567.7	1568.02	[0] that
1568.1	1569.02	[1] i'
1569.08	1569.26	[1] very
1569.28	1569.4	[1] much
1569.5	1569.92	[1] doubtful
1569.98	1570.06	[4] how
1570.5	1570.58	[4] how
1571.4	1571.48	[4] how
1571.62	1571.84	[4] far
1571.9	1572.0	[1] it
1572.04	1572.22	[1] will
1572.32	1572.8	[1] work
1572.86	1573.12	[1] because
1573.22	1573.36	[1] i
1573.38	1573.64	[1] speach
1573.68	1574.26	[1] recognizedat
1574.28	1574.52	[1] like
1574.94	1575.0	[3] it
1575.24	1575.42	[1] has
1575.44	1575.84	[1] it
1575.92	1576.82	[1] swon
1577.2	1577.6	[0] distance
1577.68	1578.46	[1] problem
1578.5	1578.6	[1] yet
1578.72	1578.86	[1] it's
1578.94	1579.04	[4] no
1579.1	1579.44	[1] distance
1579.54	1579.88	[1] problem
1579.9	1580.0	[1] it
1580.1	1580.28	[1] its
1580.36	1580.9	[1] recognizing
1580.98	1581.02	[1] a
1581.1	1581.48	[1] person's
1581.58	1581.92	[1] voice
1581.96	1582.16	[1] like
1582.2	1582.42	[1] maybe
1582.6	1582.9	[1] different
1582.94	1583.16	[1] people
1583.18	1583.36	[1] will
1583.4	1583.46	[1] be
1583.52	1583.76	[1] having
1583.8	1584.1	[1] different
1584.16	1584.58	[1] voices
1584.6	1586.54	[1] so
1586.56	1586.92	[2] well
1586.94	1587.22	[2] you
1587.36	1587.58	[2] you'll
1587.6	1587.82	[2] teach
1587.92	1588.0	[4] you
1588.1	1588.2	[4] have
1588.26	1588.32	[3] to
1588.46	1588.7	[5] teach
1589.06	1589.1	[1] i
1589.22	1589.52	[1] ado
1589.54	1589.58	[1] a
1589.66	1589.86	[1] good
1589.9	1590.24	[1] rien
1590.24	1590.4	[1] no
1590.5	1591.18	[1] recognizing
1591.22	1591.38	[1] no
1591.48	1591.54	[4] it
1591.84	1591.94	[4] it's
1592.34	1592.44	[3] yeah
1592.68	1592.72	[4] t
1592.94	1593.04	[4] it's
1593.22	1593.32	[4] like
1593.48	1593.7	[4] you're
1593.76	1594.36	[5] recording
1594.42	1594.46	[5] a
1595.1	1595.52	[5] ala
1595.9	1595.96	[3] um
1596.5	1596.54	[5] a
1596.68	1597.16	[5] question
1597.26	1598.28	[5] already
1598.48	1598.56	[4] and
1598.64	1598.74	[4] then
1598.86	1598.94	[5] you
1598.96	1599.1	[5] are
1599.18	1599.6	[5] expecting
1599.7	1599.76	[4] an
1599.86	1600.16	[5] answer
1600.2	1600.3	[3] from
1600.58	1600.66	[5] for
1600.76	1601.06	[5] example
1601.12	1601.2	[4] you
1601.28	1601.38	[4] have
1601.44	1601.48	[5] a
1601.54	1601.84	[5] tv
1601.86	1602.18	[5] system
1602.34	1602.52	[4] i'm
1602.58	1602.66	[4] the
1602.78	1603.44	[5] user
1603.74	1603.82	[4] and
1604.04	1604.1	[3] my
1604.24	1604.54	[5] family
1604.6	1604.92	[5] members
1604.98	1605.08	[4] are
1605.1	1605.18	[5] the
1605.3	1605.68	[5] user
1605.9	1605.98	[5] i
1606.02	1606.18	[5] wald
1606.22	1606.5	[5] already
1606.64	1607.22	[5] record
1607.76	1607.8	[5] a
1608.18	1608.22	[5] a
1608.54	1609.08	[5] question
1609.16	1609.28	[4] like
1609.94	1609.98	[5] a
1610.16	1610.36	[5] good
1610.4	1610.74	[5] morning
1610.78	1610.94	[5] like
1610.98	1611.18	[5] around
1611.3	1611.42	[5] eight
1611.46	1611.74	[5] o'clock
1611.8	1611.84	[5] i
1611.92	1612.1	[5] want
1612.12	1612.18	[4] to
1612.24	1612.36	[4] see
1612.42	1612.5	[4] the
1612.58	1613.04	[5] news
1613.22	1613.28	[3] in
1613.36	1613.44	[4] the
1613.5	1614.28	[5] televasion
1614.36	1614.48	[3] so
1614.62	1614.8	[5] i'll
1614.82	1614.98	[5] say
1615.02	1615.22	[5] this
1615.26	1615.42	[5] good
1615.48	1615.9	[5] morning
1615.94	1616.04	[5] and
1616.08	1616.18	[5] the
1616.24	1616.58	[5] tevil
1616.72	1616.96	[5] switch
1616.98	1617.32	[5] on
1617.52	1617.6	[5] it
1617.64	1617.8	[5] will
1617.84	1618.34	[5] recognize
1618.52	1618.58	[4] my
1618.7	1619.4	[5] voice
1619.48	1619.6	[5] and
1619.62	1619.8	[5] w'll
1619.82	1620.08	[5] switch
1620.22	1620.4	[2] it
1620.42	1620.72	[2] before
1620.74	1620.82	[4] we
1620.9	1621.02	[4] get
1621.12	1621.3	[2] too
1621.34	1621.56	[2] far
1621.6	1621.8	[2] off
1621.84	1622.16	[2] here
1622.3	1622.4	[4] amd
1622.64	1622.72	[3] the
1622.9	1623.48	[2] components
1623.52	1623.58	[4] of
1623.66	1623.74	[2] the
1623.86	1624.32	[2] concept
1624.42	1624.5	[4] is
1624.62	1624.7	[3] the
1624.78	1625.98	[2] energy
1626.08	1626.22	[4] what
1626.34	1626.5	[2] kind
1626.52	1626.58	[2] of
1626.7	1627.1	[2] energy
1627.16	1627.26	[4] do
1627.38	1627.82	[2] we
1628.46	1630.28	[2] foresee
1630.58	1631.08	[3] ganeric
1631.12	1631.2	[0] i
1631.24	1631.4	[0] think
1631.44	1631.76	[0] boter
1631.82	1632.16	[2] adderi
1632.18	1632.26	[0] and
1632.34	1632.38	[0] i
1632.4	1632.52	[0] think
1632.6	1632.68	[0] we
1632.72	1632.88	[0] all
1632.9	1633.14	[0] agreed
1633.2	1633.26	[4] on
1633.34	1633.44	[4] that
1633.6	1633.7	[4] that
1634.1	1634.2	[4] that
1634.3	1634.42	[4] gon
1634.52	1634.58	[3] be
1634.68	1634.84	[0] most
1634.9	1635.14	[0] cost
1635.18	1635.66	[0] effective
1635.8	1635.86	[4] an
1635.94	1636.02	[0] the
1636.06	1636.26	[0] best
1636.28	1636.98	[0] thing
1637.06	1637.44	[2] okay
1637.46	1637.56	[2] then
1638.06	1638.5	[2] chip
1638.56	1638.74	[2] on
1638.8	1639.76	[2] print
1639.86	1640.5	[2] unce
1640.58	1641.76	[2] ok
1641.82	1641.94	[4] and
1642.0	1642.08	[4] the
1642.14	1642.52	[2] case
1642.64	1642.72	[3] and
1642.8	1642.84	[4] i
1642.92	1643.04	[4] think
1643.14	1643.24	[2] we
1643.26	1643.42	[2] all
1643.46	1643.68	[2] agree
1643.74	1643.8	[4] on
1643.84	1643.92	[2] the
1644.0	1644.2	[2] case
1644.4	1644.52	[2] we
1644.56	1644.7	[2] want
1644.7	1644.8	[2] to
1644.84	1644.94	[2] have
1645.06	1645.52	[2] something
1645.68	1645.74	[4] eh
1646.24	1646.38	[2] may
1646.4	1646.5	[2] be
1646.6	1646.88	[2] bright
1646.92	1647.62	[2] colorful
1648.18	1648.46	[0] road
1648.52	1649.72	[0] colorful
1649.82	1650.2	[0] trendy
1650.26	1650.62	[0] turnty
1650.64	1651.12	[0] design
1651.36	1651.42	[4] it
1651.52	1651.58	[4] is
1651.72	1651.76	[4] a
1651.9	1652.22	[4] strong
1652.28	1652.98	[5] compact
1653.06	1654.64	[2] mhm
1654.78	1655.12	[3] deny
1655.14	1655.94	[2] design
1656.16	1656.62	[2] compact
1656.64	1656.76	[2] and
1656.9	1660.06	[2] strong
1660.3	1660.56	[3] user
1660.64	1661.24	[4] interface
1661.32	1662.44	[2] concept
1662.64	1662.7	[2] uh
1663.82	1664.62	[4] interface
1664.74	1665.1	[2] type
1665.16	1669.52	[2] supplements
1669.56	1669.64	[2] i
1669.66	1669.84	[3] will
1669.86	1670.0	[2] be
1670.02	1670.6	[2] your
1670.68	1671.26	[2] area
1671.3	1671.4	[2] i
1671.44	1675.46	[2] think
1675.5	1675.68	[3] like
1675.7	1675.78	[2] the
1675.92	1676.46	[5] switches
1676.56	1676.72	[1] like
1676.78	1676.92	[4] we
1676.96	1677.2	[1] use
1677.24	1677.72	[1] buttons
1677.78	1677.96	[1] fill
1678.02	1678.28	[5] user
1678.3	1678.8	[5] interface
1678.82	1679.06	[5] push
1679.08	1679.46	[5] batton
1679.48	1679.7	[5] for
1679.74	1680.44	[5] er
1680.46	1680.54	[2] i
1680.58	1680.9	[2] guess
1680.96	1681.26	[2] sir
1681.3	1681.8	[2] for
1681.86	1685.18	[2] yea
1685.26	1686.96	[3] and
1687.16	1687.24	[2] i'm
1687.3	1687.42	[3] not
1687.44	1687.58	[3] sure
1687.62	1687.74	[2] what
1687.76	1687.88	[2] they
1687.92	1688.1	[2] mean
1688.12	1688.26	[2] by
1688.32	1689.72	[2] supplements
1689.76	1690.48	[5] somesin
1690.52	1690.82	[5] different
1690.84	1691.1	[5] types
1691.12	1691.24	[5] of
1691.32	1691.48	[5] feet
1691.5	1691.66	[5] us
1691.7	1692.64	[5] buttons
1692.68	1693.36	[0] yeo
1693.38	1694.64	[5] liolecer
1694.68	1695.26	[0] petruron
1695.26	1695.4	[0] you
1695.4	1695.6	[0] shoul
1695.64	1695.8	[0] il
1695.82	1696.08	[0] also
1696.1	1696.24	[0] be
1696.26	1696.3	[0] a
1696.36	1696.96	[0] supplement
1697.24	1697.48	[0] pech
1697.5	1698.32	[0] recogn
1698.36	1700.0	[5] ra
1700.04	1700.14	[0] in
1700.16	1700.44	[0] cause
1700.44	1700.7	[0] why'n't
1700.72	1700.78	[0] we
1700.84	1700.96	[0] put
1700.98	1701.14	[0] down
1701.2	1701.46	[0] speech
1701.52	1702.1	[0] recognition
1702.14	1702.24	[0] if
1702.36	1703.0	[0] possible
1703.24	1703.6	[0] pending
1703.66	1703.78	[0] some
1703.82	1703.98	[0] more
1704.04	1704.46	[0] research
1704.54	1704.64	[3] from
1704.8	1704.88	[4] onr
1704.96	1705.42	[0] industrial
1705.48	1705.9	[0] engineer
1705.92	1705.98	[4] on
1706.06	1706.14	[0] how
1706.24	1706.66	[0] expensive
1706.72	1706.82	[4] that
1706.94	1707.0	[4] is
1707.42	1711.58	[2] riche
1711.7	1712.62	[3] okay
1712.68	1713.0	[2] eh
1714.14	1714.22	[4] our
1714.3	1714.5	[4] next
1714.54	1714.86	[2] meeting
1714.88	1715.02	[2] will
1715.06	1715.12	[3] be
1715.18	1715.24	[2] in
1715.32	1715.58	[2] thirty
1715.62	1716.38	[2] minutes
1716.62	1717.06	[2] and
1717.28	1718.64	[2] the
1718.7	1719.94	[2] a
1720.06	1720.86	[2] id
1720.9	1721.16	[2] is
1721.26	1721.56	[4] to
1722.16	1722.26	[3] this
1722.34	1722.4	[3] is
1722.46	1722.54	[3] the
1722.62	1723.06	[2] individual
1723.1	1723.38	[2] actions
1723.4	1723.46	[3] to
1723.54	1723.6	[2] be
1723.68	1723.96	[2] taken
1724.02	1724.3	[2] until
1724.32	1725.02	[2] then
1725.26	1725.36	[3] to
1725.48	1725.62	[2] have
1725.64	1725.72	[2] to
1725.76	1725.96	[2] look
1725.98	1726.08	[2] and
1726.14	1726.34	[2] feel
1726.38	1728.62	[2] design
1728.82	1729.58	[3] and
1729.68	1730.46	[2] ah
1730.84	1730.92	[4] the
1731.14	1731.16	[3] 
1731.2	1731.34	[2] i
1731.36	1732.08	[2] d
1732.3	1732.36	[4] is
1732.52	1733.04	[2] supposed
1733.2	1733.78	[2] to
1734.72	1734.78	[3] uh
1735.24	1735.38	[2] come
1735.4	1735.46	[2] up
1735.54	1735.7	[2] with
1735.72	1735.82	[4] the
1735.9	1736.18	[4] user
1736.26	1736.78	[2] interface
1736.8	1738.46	[2] design
1738.52	1738.68	[4] and
1738.96	1739.04	[4] the
1739.12	1739.66	[2] marketing
1739.8	1740.32	[2] expert
1740.34	1740.52	[2] with
1740.54	1740.62	[2] the
1740.74	1741.14	[2] product
1741.2	1743.0	[2] evaluation
1743.04	1743.14	[4] in
1743.2	1743.36	[4] this
1743.46	1743.9	[2] phase
1744.04	1744.12	[3] the
1744.34	1744.6	[4] two
1744.64	1744.7	[4] of
1744.82	1745.08	[4] you
1745.16	1745.52	[2] yana
1745.56	1745.64	[2] and
1745.86	1746.56	[2] frantine
1746.68	1746.82	[2] have
1746.86	1746.92	[2] to
1746.98	1747.16	[2] work
1747.18	1747.52	[2] together
1747.6	1747.66	[3] on
1747.74	1747.78	[2] a
1747.88	1748.78	[2] prototype
1748.92	1749.12	[4] using
1749.26	1749.64	[2] maudline
1749.72	1750.64	[2] clay
1750.8	1750.94	[2] it
1750.98	1751.2	[2] says
1751.24	1752.34	[2] here
1753.04	1753.26	[3] well
1753.3	1753.66	[2] wecee
1753.68	1754.66	[2] specific
1754.76	1755.68	[2] instructions
1756.36	1756.56	[2] will
1756.58	1756.64	[2] be
1756.72	1756.92	[2] sent
1756.96	1757.02	[2] to
1757.06	1757.14	[4] you
1757.26	1757.32	[4] by
1757.4	1757.5	[2] your
1757.66	1758.32	[2] coaches
1758.38	1759.46	[5] ok
1759.72	1759.78	[4] um
1760.38	1760.46	[2] if
1760.5	1760.62	[2] you
1760.64	1760.78	[2] have
1760.8	1760.98	[2] any
1761.04	1761.42	[2] questions
1761.66	1761.74	[2] you
1761.78	1761.88	[4] know
1762.08	1762.16	[4] you
1762.78	1762.86	[4] you
1762.94	1763.04	[2] can
1763.14	1763.46	[2] always
1763.62	1763.68	[4] uh
1764.22	1764.64	[2] contact
1764.7	1765.88	[2] me
1765.94	1766.46	[4] um
1766.92	1767.0	[4] or
1767.62	1767.68	[3] or
1767.78	1767.9	[4] your
1768.02	1768.26	[2] coach
1768.34	1768.38	[2] i
1768.48	1769.86	[2] suppose
1769.88	1770.04	[4] ha
1770.06	1770.24	[4] ha
1770.24	1771.32	[0] ha
1771.34	1771.66	[0] wher
1771.68	1771.88	[0] they're
1771.92	1773.34	[0] hiding
1774.56	1775.0	[2] so
1775.2	1775.26	[2] um
1775.66	1775.7	[4] i
1775.82	1775.98	[4] think
1776.14	1776.3	[2] we
1776.32	1776.66	[2] conclude
1776.72	1776.76	[2] a
1776.82	1777.1	[2] meeting
1777.18	1777.44	[2] here
1777.64	1777.74	[4] and
1777.92	1778.1	[2] we
1778.14	1778.3	[2] come
1778.34	1778.62	[2] back
1778.66	1778.96	[2] in
1780.36	1780.62	[2] thirty
1780.66	1781.28	[2] minutes
1781.66	1782.12	[2] according
1782.22	1782.3	[4] to
1782.78	1782.96	[4] our
1783.02	1783.28	[2] time
1783.32	1783.66	[2] table
1783.7	1787.22	[2] here
1787.44	1787.6	[3] thank
1787.62	1787.7	[2] you
1787.78	1787.94	[2] very
1787.96	1788.24	[2] much
1788.32	1788.54	[5] thank
1788.56	1820.64	[5] you
