0.1	0.44	[0] nobody
0.46	0.56	[0] has
0.66	0.78	[0] more
0.86	1.36	[0] respect
1.54	1.62	[0] for
1.7	1.96	[0] women
2.02	2.12	[0] than
2.2	2.26	[0] i
2.34	2.46	[0] do
2.72	3.58	[0] nobody
3.8	4.1	[0] donal
4.14	4.34	[0] trump
4.36	4.5	[0] has
4.6	4.8	[0] tried
4.86	5.4	[0] repeatedly
5.48	5.56	[0] to
5.72	5.98	[0] grill
6.06	6.44	[0] hillary
6.48	6.78	[0] clinton
6.8	7.02	[0] about
7.08	7.18	[0] her
7.32	7.76	[0] husband's
7.78	8.28	[0] relations
8.34	8.44	[0] with
8.56	8.8	[0] other
8.84	9.2	[0] women
9.36	9.5	[0] and
9.72	9.86	[0] her
10.0	11.04	[0] reaction
11.12	11.22	[0] but
11.34	11.42	[0] the
11.58	11.72	[0] new
11.74	12.0	[0] york
12.1	12.62	[0] millionaire
12.64	12.74	[0] was
12.8	12.86	[0] on
12.92	13.0	[0] the
13.06	13.28	[0] hot
13.32	13.66	[0] seat
13.7	13.92	[0] this
14.0	15.18	[0] timee
15.2	15.3	[0] and
15.32	15.62	[0] started
15.64	15.92	[0] kissing
15.94	16.08	[0] the
16.12	16.36	[0] open
16.4	17.34	[0] mouthed
17.38	17.5	[0] as
17.52	17.6	[0] he
17.64	17.72	[0] was
17.8	18.04	[0] palming
18.04	18.08	[0] m
18.14	18.44	[0] towards
18.48	18.96	[0] him
19.12	19.44	[0] facing
19.52	19.56	[0] a
19.76	20.0	[0] slew
20.04	20.1	[0] of
20.2	20.8	[0] accusations
20.86	20.98	[0] from
21.04	21.28	[0] women
21.3	21.42	[0] who
21.48	21.62	[0] say
21.7	21.78	[0] he
21.96	22.32	[0] kissed
22.5	22.84	[0] groped
22.86	22.96	[0] and
23.1	23.6	[0] harassed
23.66	24.06	[0] them
24.22	24.28	[0] in
24.34	24.42	[0] the
24.48	24.78	[0] final
24.82	25.18	[0] debate
25.34	25.42	[0] it
25.58	25.9	[0] triggered
25.94	25.98	[0] a
26.18	26.52	[0] series
26.56	26.62	[0] of
26.8	27.42	[0] claims
27.56	27.86	[0] number
27.9	28.42	[0] one
28.6	28.76	[0] thos
28.8	29.06	[0] sohas
29.08	29.2	[0] had
29.24	29.4	[0] been
29.44	29.8	[0] largely
29.86	30.6	[0] debunked
30.68	31.06	[0] certainly
31.18	31.44	[0] tromp
31.46	31.62	[0] has
31.76	32.12	[0] swated
32.18	32.34	[0] down
32.58	32.94	[0] almost
33.18	33.32	[0] all
33.44	33.52	[0] the
33.64	34.22	[0] accusation
34.34	34.56	[0] saying
34.62	34.68	[0] he
34.76	35.04	[0] doesn't
35.22	35.28	[0] do
35.46	35.62	[0] such
35.76	36.14	[0] things
36.26	36.34	[0] and
36.42	36.5	[0] he
36.66	36.88	[0] did
36.94	37.06	[0] not
37.18	37.28	[0] with
37.42	37.58	[0] these
37.78	38.3	[0] women
38.42	38.5	[0] but
38.6	38.64	[0] a
38.76	39.3	[0] denial
39.48	39.54	[0] is
39.76	39.9	[0] not
40.0	40.08	[0] the
40.14	40.32	[0] same
40.48	40.58	[0] as
40.66	40.7	[0] a
40.8	41.7	[0] debunking
41.72	41.9	[0] there
41.92	42.04	[0] has
42.1	42.28	[0] been
42.34	42.5	[0] no
42.62	43.16	[0] wholesale
43.24	43.76	[0] dismissal
43.78	43.84	[0] of
43.92	44.06	[0] their
44.18	44.54	[0] charges
44.62	44.68	[0] by
44.78	45.12	[0] people
45.34	45.76	[0] outside
45.9	45.98	[0] the
46.12	47.06	[0] campaign
47.16	47.24	[0] so
47.36	47.46	[0] his
47.54	48.1	[0] statement
48.18	48.32	[0] is
48.44	49.08	[0] false
49.24	49.48	[0] claim
49.52	49.74	[0] to
49.82	49.98	[0] where
50.0	50.08	[0] he
50.22	50.36	[0] said
50.5	50.6	[0] that
50.72	50.8	[0] he
50.98	51.54	[0] could
51.8	51.98	[0] not
52.26	52.78	[0] possibly
52.92	53.02	[0] have
53.14	53.94	[0] done
54.1	54.18	[0] ah
54.32	54.54	[0] those
54.64	54.96	[0] things
55.06	55.12	[0] to
55.22	55.36	[0] those
55.56	55.88	[0] women
55.94	56.2	[0] because
56.26	56.38	[0] they
56.42	56.56	[0] were
56.58	56.68	[0] not
56.8	57.3	[0] attractive
57.36	57.86	[0] enough
57.92	58.24	[0] for
58.88	58.92	[0] i
59.0	59.22	[0] didt
59.24	59.9	[0] necessarily
59.98	60.02	[0] i
60.1	60.28	[0] thought
60.54	60.72	[0] did
60.76	60.94	[0] not
61.04	61.24	[0] say
61.3	61.4	[0] that
61.68	61.76	[0] but
61.98	62.28	[0] tromp
62.32	62.54	[0] has
62.62	62.84	[0] called
63.02	63.14	[0] one
63.16	63.22	[0] of
63.26	63.34	[0] the
63.38	63.64	[0] women
63.76	64.8	[0] disgusting
64.84	65.06	[0] about
65.12	65.42	[0] another
65.5	65.56	[0] he
65.68	65.8	[0] said
66.08	66.2	[0] she
66.3	66.5	[0] would
66.54	66.66	[0] not
66.8	66.86	[0] be
66.98	67.04	[0] my
67.22	67.52	[0] first
67.6	68.18	[0] choice
68.34	68.48	[0] and
68.56	68.78	[0] about
68.82	68.86	[0] a
69.0	69.3	[0] people
69.36	69.82	[0] magazine
69.86	70.32	[0] reporter
70.42	70.5	[0] who
70.6	70.72	[0] says
70.84	70.92	[0] he
71.08	71.48	[0] sexually
71.52	71.96	[0] assaulted
72.04	72.12	[0] her
72.26	72.38	[0] more
72.44	72.56	[0] than
72.64	72.68	[0] a
72.88	73.22	[0] decade
73.32	74.0	[0] ago
74.56	74.76	[0] look
74.78	74.84	[0] at
74.94	75.02	[0] her
75.44	75.6	[0] look
75.62	75.68	[0] at
75.76	75.86	[0] her
75.94	76.3	[0] words
76.64	76.8	[0] you
76.88	77.1	[0] tell
77.12	77.2	[0] me
77.54	77.64	[0] what
77.78	77.88	[0] you
78.0	78.38	[0] think
78.54	78.58	[0] i
78.7	78.9	[0] don't
78.94	79.22	[0] think
79.24	79.74	[0] so
79.84	80.24	[0] clinton's
80.34	80.6	[0] claim
80.64	81.12	[0] appears
81.22	81.9	[0] true
82.04	82.34	[0] trumps
82.34	82.88	[0] denial
83.1	83.98	[0] false
84.02	84.16	[0] and
84.42	84.46	[0] a
84.66	84.98	[0] third
85.1	85.74	[0] claim
85.9	86.08	[0] how
86.28	86.4	[0] all
86.52	86.64	[0] these
86.74	87.28	[0] accusers
87.38	87.58	[0] came
87.7	87.8	[0] to
87.92	88.74	[0] light
88.8	88.88	[0] i
88.92	89.04	[0] have
89.08	89.12	[0] a
89.22	89.52	[0] feeling
89.66	89.78	[0] how
89.82	89.94	[0] they
89.98	90.12	[0] came
90.24	90.28	[0] i
90.32	90.6	[0] believe
90.64	90.7	[0] it
90.74	90.82	[0] was
90.9	91.02	[0] her
91.1	91.48	[0] campaign
91.5	91.6	[0] that
91.7	91.84	[0] did
91.88	91.94	[0] it
92.18	92.36	[0] it's
92.56	92.98	[0] clenton's
93.04	93.74	[0] fault
93.76	93.92	[0] what
93.96	94.04	[0] we
94.14	94.38	[0] know
94.44	94.52	[0] is
94.62	94.7	[0] the
94.8	95.14	[0] scandal
95.18	95.46	[0] started
95.5	95.6	[0] with
95.66	95.72	[0] an
95.8	96.04	[0] old
96.12	96.3	[0] tape
96.36	96.42	[0] of
96.64	96.88	[0] trumps
96.96	97.24	[0] luwe
97.32	97.7	[0] commens
97.74	98.18	[0] recorded
98.24	98.3	[0] by
98.46	98.8	[0] access
98.92	99.8	[0] hollywood
99.88	100.06	[0] then
100.2	100.34	[0] some
100.36	100.64	[0] women
100.68	100.84	[0] saw
100.94	101.02	[0] him
101.12	101.52	[0] denying
101.58	101.72	[0] to
101.76	101.88	[0] our
101.98	102.36	[0] anderson
102.44	102.76	[0] cooper
102.8	103.04	[0] he'd
103.2	103.5	[0] ever
103.58	103.72	[0] do
103.84	103.98	[0] what
104.04	104.12	[0] was
104.24	104.76	[0] described
104.84	104.9	[0] on
104.98	105.1	[0] that
105.24	105.42	[0] tape
105.58	105.62	[0] i
105.7	105.76	[0] as
105.88	105.92	[0] a
106.06	106.96	[0] band
107.0	107.08	[0] but
107.18	107.22	[0] i
107.28	107.38	[0] have
107.5	108.0	[0] tremendous
108.06	108.38	[0] respect
108.4	108.46	[0] to
108.54	108.7	[0] whom
108.74	108.84	[0] have
108.88	108.92	[0] u
108.94	109.08	[0] ever
109.1	109.22	[0] had
109.24	109.32	[0] on
109.34	109.46	[0] the
109.48	109.9	[0] line
109.92	110.04	[0] have
110.1	110.48	[0] respect
110.48	110.58	[0] for
110.68	110.88	[0] me
111.16	111.24	[0] and
111.3	111.36	[0] i
111.42	111.58	[0] will
111.62	111.78	[0] tell
111.82	111.9	[0] you
112.0	112.08	[0] no
112.16	112.2	[0] i
112.26	112.36	[0] have
112.44	112.6	[0] not
113.2	113.62	[0] and
113.96	114.0	[0] i
114.16	114.4	[0] jumped
114.54	114.72	[0] off
114.8	114.86	[0] of
114.96	115.02	[0] my
115.14	117.06	[0] couch
117.14	117.48	[0] ana
117.52	117.74	[0] sighe
117.8	119.02	[0] kirolier
119.08	119.18	[0] and
119.28	119.36	[0] the
119.5	120.24	[0] accusations
120.34	120.56	[0] kept
120.74	121.06	[0] flowing
121.16	121.26	[0] from
121.4	121.78	[0] there
122.0	122.08	[0] if
122.18	122.26	[0] the
122.38	122.72	[0] clinton
122.78	123.1	[0] team
123.14	123.26	[0] is
123.32	123.38	[0] in
123.62	123.82	[0] any
123.86	124.0	[0] way
124.1	124.48	[0] involved
124.58	124.64	[0] in
124.7	124.82	[0] all
124.96	125.06	[0] this
125.2	125.34	[0] it's
125.42	125.8	[0] certainly
125.9	126.04	[0] not
126.2	126.38	[0] been
126.52	126.8	[0] proven
126.92	127.6	[0] yet
127.68	127.74	[0] so
127.84	127.94	[0] that
128.06	128.22	[0] part
128.24	128.3	[0] of
128.38	128.66	[0] trum's
128.72	129.52	[0] claim
129.56	129.66	[0] is
129.82	130.1	[0] false
130.14	130.62	[0] too
